p wcnf 1230 2876 2491
2491 -1230 -1229 0
2491 -1229 489 0
2491 -1229 1210 0
2491 -1229 1228 0
2491 -1228 -1210 -489 1229 0
2491 -1228 855 0
2491 -1228 911 0
2491 -1228 1226 0
2491 -1227 -1226 0
2491 -1226 -911 -855 1228 0
2491 -1226 1224 1225 0
2491 -1225 1223 0
2491 -1225 1224 0
2491 -1225 1226 0
2491 -1224 -1223 0
2491 -1224 -1223 1225 0
2491 -1224 1226 0
2491 -1223 1221 1222 0
2491 -1222 1218 0
2491 -1222 1220 0
2491 -1222 1223 0
2491 -1221 1219 0
2491 -1221 1220 0
2491 -1221 1223 0
2491 -1220 -1219 -1218 0
2491 -1220 -1219 1221 0
2491 -1220 -1218 1222 0
2491 -1219 1215 1217 0
2491 -1218 1213 1216 0
2491 -1217 1185 0
2491 -1217 1214 0
2491 -1217 1219 0
2491 -1216 1181 0
2491 -1216 1212 0
2491 -1216 1218 0
2491 -1215 1208 0
2491 -1215 1211 0
2491 -1215 1219 0
2491 -1214 -1211 0
2491 -1214 -1185 1217 0
2491 -1213 1204 0
2491 -1213 1209 0
2491 -1213 1218 0
2491 -1212 -1209 0
2491 -1212 -1181 1216 0
2491 -1211 -1208 1215 0
2491 -1211 1206 1207 0
2491 -1210 862 0
2491 -1210 1155 0
2491 -1210 1205 0
2491 -1209 -1204 1213 0
2491 -1209 1202 1203 0
2491 -1208 -1198 -1184 0
2491 -1207 1197 0
2491 -1207 1199 0
2491 -1207 1211 0
2491 -1206 1011 1174 1175 1200 1201 0
2491 -1206 1211 0
2491 -1205 -1189 0
2491 -1205 -1155 -862 1210 0
2491 -1204 -1193 -1180 0
2491 -1203 1192 0
2491 -1203 1194 0
2491 -1203 1209 0
2491 -1202 1004 1163 1164 1195 1196 0
2491 -1202 1209 0
2491 -1201 1085 0
2491 -1201 1131 0
2491 -1201 1132 0
2491 -1201 1182 0
2491 -1201 1183 0
2491 -1201 1206 0
2491 -1200 1105 0
2491 -1200 1131 0
2491 -1200 1132 0
2491 -1200 1182 0
2491 -1200 1206 0
2491 -1199 -1197 1207 0
2491 -1199 1131 0
2491 -1199 1132 0
2491 -1199 1169 0
2491 -1199 1182 0
2491 -1199 1183 0
2491 -1198 -1185 0
2491 -1197 1069 1190 1191 0
2491 -1196 1068 0
2491 -1196 1119 0
2491 -1196 1120 0
2491 -1196 1178 0
2491 -1196 1179 0
2491 -1196 1202 0
2491 -1195 1097 0
2491 -1195 1119 0
2491 -1195 1120 0
2491 -1195 1178 0
2491 -1195 1202 0
2491 -1194 -1192 1203 0
2491 -1194 1119 0
2491 -1194 1120 0
2491 -1194 1158 0
2491 -1194 1178 0
2491 -1194 1179 0
2491 -1193 -1181 0
2491 -1192 1051 1186 1187 0
2491 -1191 1039 0
2491 -1191 1165 0
2491 -1191 1166 0
2491 -1191 1197 0
2491 -1190 1070 0
2491 -1190 1165 0
2491 -1190 1197 0
2491 -1189 285 0
2491 -1189 1176 0
2491 -1188 603 1177 0
2491 -1187 1031 0
2491 -1187 1153 0
2491 -1187 1154 0
2491 -1187 1192 0
2491 -1186 1052 0
2491 -1186 1153 0
2491 -1186 1192 0
2491 -1185 1007 1171 1172 1173 0
2491 -1184 -1170 0
2491 -1183 -1182 -1169 -1132 -1131 1199 0
2491 -1183 -1182 -1132 -1131 -1085 1201 0
2491 -1183 -1168 -1149 0
2491 -1182 -1167 -1147 0
2491 -1182 -1132 -1131 -1105 1200 0
2491 -1181 1000 1160 1161 1162 0
2491 -1180 -1159 0
2491 -1179 -1178 -1158 -1120 -1119 1194 0
2491 -1179 -1178 -1120 -1119 -1068 1196 0
2491 -1179 -1157 -1142 0
2491 -1178 -1156 -1140 0
2491 -1178 -1120 -1119 -1097 1195 0
2491 -1177 199 0
2491 -1177 1152 0
2491 -1177 1188 0
2491 -1176 -1151 0
2491 -1176 -285 1189 0
2491 -1175 1104 0
2491 -1175 1131 0
2491 -1175 1132 0
2491 -1175 1206 0
2491 -1174 1012 0
2491 -1174 1131 0
2491 -1174 1206 0
2491 -1173 1010 0
2491 -1173 1127 0
2491 -1173 1128 0
2491 -1173 1129 0
2491 -1173 1185 0
2491 -1172 1009 0
2491 -1172 1127 0
2491 -1172 1128 0
2491 -1172 1185 0
2491 -1171 1008 0
2491 -1171 1127 0
2491 -1171 1185 0
2491 -1170 1127 0
2491 -1170 1128 0
2491 -1170 1129 0
2491 -1170 1130 0
2491 -1169 -1150 -1134 0
2491 -1168 -1148 -950 0
2491 -1167 -1146 -951 0
2491 -1166 -1165 -1039 1191 0
2491 -1166 -1145 -1125 0
2491 -1165 -1144 -1124 0
2491 -1165 -1070 1190 0
2491 -1164 1096 0
2491 -1164 1119 0
2491 -1164 1120 0
2491 -1164 1202 0
2491 -1163 1005 0
2491 -1163 1119 0
2491 -1163 1202 0
2491 -1162 1003 0
2491 -1162 1115 0
2491 -1162 1116 0
2491 -1162 1117 0
2491 -1162 1181 0
2491 -1161 1002 0
2491 -1161 1115 0
2491 -1161 1116 0
2491 -1161 1181 0
2491 -1160 1001 0
2491 -1160 1115 0
2491 -1160 1181 0
2491 -1159 1115 0
2491 -1159 1116 0
2491 -1159 1117 0
2491 -1159 1118 0
2491 -1158 -1143 -1122 0
2491 -1157 -1141 -948 0
2491 -1156 -1139 -949 0
2491 -1155 -1114 0
2491 -1154 -1153 -1031 1187 0
2491 -1154 -1138 -1112 0
2491 -1153 -1137 -1111 0
2491 -1153 -1052 1186 0
2491 -1152 -1136 -1109 0
2491 -1152 -199 1177 0
2491 -1151 -1135 -1107 0
2491 -1150 -1133 -607 0
2491 -1149 -1084 -1048 0
2491 -1148 -1048 0
2491 -1147 -1083 -1049 0
2491 -1146 -1049 0
2491 -1145 -1126 -540 0
2491 -1144 -1123 -606 0
2491 -1143 -1121 -607 0
2491 -1142 -1067 -1046 0
2491 -1141 -1046 0
2491 -1140 -1066 -1047 0
2491 -1139 -1047 0
2491 -1138 -1113 -540 0
2491 -1137 -1110 -606 0
2491 -1136 -1108 -992 0
2491 -1135 -1106 -991 0
2491 -1134 -1018 -782 0
2491 -1133 -1018 0
2491 -1132 -1131 -1104 1175 0
2491 -1132 -1103 -1082 0
2491 -1131 -1102 -1080 0
2491 -1131 -1012 1174 0
2491 -1130 -1129 -1128 -1127 1170 0
2491 -1130 -1101 -1078 0
2491 -1129 -1128 -1127 -1010 1173 0
2491 -1129 -1100 -1076 0
2491 -1128 -1127 -1009 1172 0
2491 -1128 -1099 -1074 0
2491 -1127 -1098 -1072 0
2491 -1127 -1008 1171 0
2491 -1126 -1016 0
2491 -1125 -1016 -701 0
2491 -1124 -1017 -781 0
2491 -1123 -1017 0
2491 -1122 -1015 -778 0
2491 -1121 -1015 0
2491 -1120 -1119 -1096 1164 0
2491 -1120 -1095 -1065 0
2491 -1119 -1094 -1063 0
2491 -1119 -1005 1163 0
2491 -1118 -1117 -1116 -1115 1159 0
2491 -1118 -1093 -1061 0
2491 -1117 -1116 -1115 -1003 1162 0
2491 -1117 -1092 -1059 0
2491 -1116 -1115 -1002 1161 0
2491 -1116 -1091 -1057 0
2491 -1115 -1090 -1055 0
2491 -1115 -1001 1160 0
2491 -1114 285 0
2491 -1114 1089 0
2491 -1113 -1013 0
2491 -1112 -1013 -696 0
2491 -1111 -1014 -770 0
2491 -1110 -1014 0
2491 -1109 -1087 -1030 0
2491 -1108 -1087 0
2491 -1107 -1086 -1029 0
2491 -1106 -1086 0
2491 -1105 950 0
2491 -1105 1048 0
2491 -1104 951 0
2491 -1104 1049 0
2491 -1103 -1081 -905 0
2491 -1102 -1079 -906 0
2491 -1101 -1077 -907 0
2491 -1100 -1075 -908 0
2491 -1099 -1073 -909 0
2491 -1098 -1071 -910 0
2491 -1097 948 0
2491 -1097 1046 0
2491 -1096 949 0
2491 -1096 1047 0
2491 -1095 -1064 -899 0
2491 -1094 -1062 -900 0
2491 -1093 -1060 -893 0
2491 -1092 -1058 -894 0
2491 -1091 -1056 -895 0
2491 -1090 -1054 -896 0
2491 -1089 -1053 0
2491 -1089 -285 1114 0
2491 -1088 523 1050 0
2491 -1087 -1028 -1027 0
2491 -1086 -1026 -1025 0
2491 -1085 607 0
2491 -1085 1018 0
2491 -1084 -950 0
2491 -1083 -951 0
2491 -1082 -1045 -958 0
2491 -1081 -958 0
2491 -1080 -1044 -959 0
2491 -1079 -959 0
2491 -1078 -1043 -960 0
2491 -1077 -960 0
2491 -1076 -1042 -961 0
2491 -1075 -961 0
2491 -1074 -1041 -962 0
2491 -1073 -962 0
2491 -1072 -1040 -963 0
2491 -1071 -963 0
2491 -1070 540 0
2491 -1070 1016 0
2491 -1069 606 0
2491 -1069 1017 0
2491 -1069 1197 0
2491 -1068 607 0
2491 -1068 1015 0
2491 -1067 -948 0
2491 -1066 -949 0
2491 -1065 -1038 -952 0
2491 -1064 -952 0
2491 -1063 -1037 -953 0
2491 -1062 -953 0
2491 -1061 -1036 -954 0
2491 -1060 -954 0
2491 -1059 -1035 -955 0
2491 -1058 -955 0
2491 -1057 -1034 -956 0
2491 -1056 -956 0
2491 -1055 -1033 -957 0
2491 -1054 -957 0
2491 -1053 -1032 -999 0
2491 -1052 540 0
2491 -1052 1013 0
2491 -1051 606 0
2491 -1051 1014 0
2491 -1051 1192 0
2491 -1050 249 0
2491 -1050 1024 0
2491 -1050 1088 0
2491 -1049 -951 1104 0
2491 -1049 8 0
2491 -1049 1023 0
2491 -1048 -950 1105 0
2491 -1048 8 0
2491 -1048 1022 0
2491 -1047 -949 1096 0
2491 -1047 8 0
2491 -1047 1021 0
2491 -1046 -948 1097 0
2491 -1046 8 0
2491 -1046 1020 0
2491 -1045 -905 0
2491 -1044 -906 0
2491 -1043 -907 0
2491 -1042 -908 0
2491 -1041 -909 0
2491 -1040 -910 0
2491 -1039 539 0
2491 -1039 1006 0
2491 -1038 -899 0
2491 -1037 -900 0
2491 -1036 -893 0
2491 -1035 -894 0
2491 -1034 -895 0
2491 -1033 -896 0
2491 -1032 -1019 -869 0
2491 -1031 539 0
2491 -1031 998 0
2491 -1030 -992 0
2491 -1029 -991 0
2491 -1028 -996 0
2491 -1028 -976 0
2491 -1027 -995 0
2491 -1027 -975 0
2491 -1026 -994 0
2491 -1026 -974 0
2491 -1025 -993 0
2491 -1025 -973 0
2491 -1024 -997 -977 0
2491 -1024 -249 1050 0
2491 -1023 -8 1049 0
2491 -1023 935 990 0
2491 -1022 -8 1048 0
2491 -1022 934 989 0
2491 -1021 -8 1047 0
2491 -1021 926 988 0
2491 -1020 -8 1046 0
2491 -1020 925 987 0
2491 -1019 -968 0
2491 -1018 -607 1085 0
2491 -1018 920 986 0
2491 -1017 -606 1069 0
2491 -1017 919 985 0
2491 -1016 -540 1070 0
2491 -1016 918 984 0
2491 -1015 -607 1068 0
2491 -1015 916 983 0
2491 -1014 -606 1051 0
2491 -1014 915 982 0
2491 -1013 -540 1052 0
2491 -1013 914 981 0
2491 -1012 905 0
2491 -1012 958 0
2491 -1011 906 0
2491 -1011 959 0
2491 -1011 1206 0
2491 -1010 907 0
2491 -1010 960 0
2491 -1009 908 0
2491 -1009 961 0
2491 -1008 909 0
2491 -1008 962 0
2491 -1007 910 0
2491 -1007 963 0
2491 -1007 1185 0
2491 -1006 -539 1039 0
2491 -1006 912 980 0
2491 -1005 899 0
2491 -1005 952 0
2491 -1004 900 0
2491 -1004 953 0
2491 -1004 1202 0
2491 -1003 893 0
2491 -1003 954 0
2491 -1002 894 0
2491 -1002 955 0
2491 -1001 895 0
2491 -1001 956 0
2491 -1000 896 0
2491 -1000 957 0
2491 -1000 1181 0
2491 -999 -968 -923 0
2491 -998 -539 1031 0
2491 -998 902 979 0
2491 -997 -978 -490 0
2491 -996 602 0
2491 -996 848 0
2491 -996 972 0
2491 -995 766 0
2491 -995 767 0
2491 -995 971 0
2491 -994 761 0
2491 -994 901 0
2491 -994 970 0
2491 -993 845 0
2491 -993 846 0
2491 -993 969 0
2491 -992 -967 -966 0
2491 -991 -965 -964 0
2491 -990 278 0
2491 -990 933 0
2491 -990 1023 0
2491 -989 277 0
2491 -989 933 0
2491 -989 1022 0
2491 -988 278 0
2491 -988 924 0
2491 -988 1021 0
2491 -987 277 0
2491 -987 924 0
2491 -987 1020 0
2491 -986 276 0
2491 -986 917 0
2491 -986 1018 0
2491 -985 275 0
2491 -985 917 0
2491 -985 1017 0
2491 -984 274 0
2491 -984 917 0
2491 -984 1016 0
2491 -983 276 0
2491 -983 913 0
2491 -983 1015 0
2491 -982 275 0
2491 -982 913 0
2491 -982 1014 0
2491 -981 274 0
2491 -981 913 0
2491 -981 1013 0
2491 -980 273 0
2491 -980 917 0
2491 -980 1006 0
2491 -979 273 0
2491 -979 913 0
2491 -979 998 0
2491 -978 -946 0
2491 -977 -946 -695 0
2491 -976 766 0
2491 -976 848 0
2491 -976 849 0
2491 -975 602 0
2491 -975 767 0
2491 -975 849 0
2491 -974 845 0
2491 -974 847 0
2491 -974 901 0
2491 -973 761 0
2491 -973 846 0
2491 -973 847 0
2491 -972 -849 0
2491 -972 -848 -602 996 0
2491 -971 -849 0
2491 -971 -767 -766 995 0
2491 -970 -901 -761 994 0
2491 -970 -847 0
2491 -969 -847 0
2491 -969 -846 -845 993 0
2491 -968 -922 -921 0
2491 -967 -945 -867 0
2491 -966 -944 -868 0
2491 -965 -943 -863 0
2491 -964 -942 -864 0
2491 -963 -910 1007 0
2491 -963 634 0
2491 -963 941 0
2491 -962 -909 1008 0
2491 -962 634 0
2491 -962 940 0
2491 -961 -908 1009 0
2491 -961 634 0
2491 -961 939 0
2491 -960 -907 1010 0
2491 -960 634 0
2491 -960 938 0
2491 -959 -906 1011 0
2491 -959 8 0
2491 -959 937 0
2491 -958 -905 1012 0
2491 -958 8 0
2491 -958 936 0
2491 -957 -896 1000 0
2491 -957 634 0
2491 -957 932 0
2491 -956 -895 1001 0
2491 -956 634 0
2491 -956 931 0
2491 -955 -894 1002 0
2491 -955 634 0
2491 -955 930 0
2491 -954 -893 1003 0
2491 -954 634 0
2491 -954 929 0
2491 -953 -900 1004 0
2491 -953 8 0
2491 -953 928 0
2491 -952 -899 1005 0
2491 -952 8 0
2491 -952 927 0
2491 -951 -904 0
2491 -950 -903 0
2491 -949 -898 0
2491 -948 -897 0
2491 -947 -887 0
2491 -946 -890 -866 0
2491 -945 -868 0
2491 -944 -867 0
2491 -943 -864 0
2491 -942 -863 0
2491 -941 -634 963 0
2491 -941 274 0
2491 -941 687 0
2491 -940 -634 962 0
2491 -940 273 0
2491 -940 687 0
2491 -939 -634 961 0
2491 -939 272 0
2491 -939 687 0
2491 -938 -634 960 0
2491 -938 271 0
2491 -938 687 0
2491 -937 -8 959 0
2491 -937 270 0
2491 -937 687 0
2491 -936 -8 958 0
2491 -936 269 0
2491 -936 687 0
2491 -935 268 0
2491 -935 687 0
2491 -935 1023 0
2491 -934 267 0
2491 -934 687 0
2491 -934 1022 0
2491 -933 -687 0
2491 -933 -278 990 0
2491 -933 -277 989 0
2491 -932 -634 957 0
2491 -932 274 0
2491 -932 687 0
2491 -931 -634 956 0
2491 -931 273 0
2491 -931 687 0
2491 -930 -634 955 0
2491 -930 272 0
2491 -930 687 0
2491 -929 -634 954 0
2491 -929 271 0
2491 -929 687 0
2491 -928 -8 953 0
2491 -928 270 0
2491 -928 687 0
2491 -927 -8 952 0
2491 -927 269 0
2491 -927 687 0
2491 -926 268 0
2491 -926 687 0
2491 -926 1021 0
2491 -925 267 0
2491 -925 687 0
2491 -925 1020 0
2491 -924 -687 0
2491 -924 -278 988 0
2491 -924 -277 987 0
2491 -923 -869 0
2491 -922 -889 0
2491 -922 -861 0
2491 -921 -888 0
2491 -921 -860 0
2491 -920 266 0
2491 -920 687 0
2491 -920 1018 0
2491 -919 265 0
2491 -919 687 0
2491 -919 1017 0
2491 -918 255 0
2491 -918 687 0
2491 -918 1016 0
2491 -917 -687 0
2491 -917 -276 986 0
2491 -917 -275 985 0
2491 -917 -274 984 0
2491 -917 -273 980 0
2491 -916 266 0
2491 -916 687 0
2491 -916 1015 0
2491 -915 265 0
2491 -915 687 0
2491 -915 1014 0
2491 -914 255 0
2491 -914 687 0
2491 -914 1013 0
2491 -913 -687 0
2491 -913 -276 983 0
2491 -913 -275 982 0
2491 -913 -274 981 0
2491 -913 -273 979 0
2491 -912 254 0
2491 -912 687 0
2491 -912 1006 0
2491 -911 -854 0
2491 -910 -886 0
2491 -909 -885 0
2491 -908 -884 0
2491 -907 -883 0
2491 -906 -882 0
2491 -905 -881 0
2491 -904 8 0
2491 -904 880 0
2491 -903 8 0
2491 -903 879 0
2491 -902 254 0
2491 -902 687 0
2491 -902 998 0
2491 -901 -847 -845 974 0
2491 -901 -846 0
2491 -900 -878 0
2491 -899 -877 0
2491 -898 8 0
2491 -898 876 0
2491 -897 8 0
2491 -897 875 0
2491 -896 -874 0
2491 -895 -873 0
2491 -894 -872 0
2491 -893 -871 0
2491 -892 -855 0
2491 -891 -862 0
2491 -890 -865 -724 0
2491 -889 713 0
2491 -889 802 0
2491 -889 859 0
2491 -888 714 0
2491 -888 801 0
2491 -888 858 0
2491 -887 361 0
2491 -887 856 0
2491 -887 857 0
2491 -886 634 0
2491 -886 776 0
2491 -885 634 0
2491 -885 775 0
2491 -884 634 0
2491 -884 774 0
2491 -883 634 0
2491 -883 773 0
2491 -882 8 0
2491 -882 853 0
2491 -881 8 0
2491 -881 852 0
2491 -880 -8 904 0
2491 -880 772 851 0
2491 -879 -8 903 0
2491 -879 771 850 0
2491 -878 8 0
2491 -878 844 0
2491 -877 8 0
2491 -877 843 0
2491 -876 -8 898 0
2491 -876 760 842 0
2491 -875 -8 897 0
2491 -875 759 841 0
2491 -874 634 0
2491 -874 758 0
2491 -873 634 0
2491 -873 757 0
2491 -872 634 0
2491 -872 756 0
2491 -871 634 0
2491 -871 755 0
2491 -870 -840 -839 0
2491 -869 -838 -837 0
2491 -868 -834 -833 0
2491 -867 -836 -835 0
2491 -866 -814 -813 0
2491 -865 -813 0
2491 -864 -830 -829 0
2491 -863 -832 -831 0
2491 -862 -828 -804 0
2491 -861 715 0
2491 -861 801 0
2491 -861 802 0
2491 -860 713 0
2491 -860 714 0
2491 -860 715 0
2491 -859 -802 -713 889 0
2491 -859 -715 0
2491 -858 -801 -714 888 0
2491 -858 -715 0
2491 -857 -856 -361 887 0
2491 -857 826 0
2491 -857 827 0
2491 -856 824 0
2491 -856 825 0
2491 -855 -823 -784 0
2491 -854 10 0
2491 -854 822 0
2491 -853 -8 882 0
2491 -853 498 0
2491 -853 779 0
2491 -852 -8 881 0
2491 -852 497 0
2491 -852 779 0
2491 -851 496 0
2491 -851 779 0
2491 -851 880 0
2491 -850 495 0
2491 -850 779 0
2491 -850 879 0
2491 -849 -848 -766 976 0
2491 -849 -821 -769 0
2491 -849 -767 -602 975 0
2491 -848 -767 0
2491 -847 -846 -761 973 0
2491 -847 -820 -764 0
2491 -846 -819 -763 0
2491 -845 -761 0
2491 -844 -8 878 0
2491 -844 498 0
2491 -844 777 0
2491 -843 -8 877 0
2491 -843 497 0
2491 -843 777 0
2491 -842 496 0
2491 -842 777 0
2491 -842 876 0
2491 -841 495 0
2491 -841 777 0
2491 -841 875 0
2491 -840 736 818 0
2491 -839 737 817 0
2491 -838 -816 -726 0
2491 -837 -815 -727 0
2491 -836 -812 -611 0
2491 -835 -811 -610 0
2491 -834 -810 -609 0
2491 -833 -809 -608 0
2491 -832 -808 -611 0
2491 -831 -807 -610 0
2491 -830 -806 -609 0
2491 -829 -805 -608 0
2491 -828 -803 -488 0
2491 -827 -826 857 0
2491 -827 796 0
2491 -827 797 0
2491 -827 798 0
2491 -827 799 0
2491 -827 800 0
2491 -826 577 0
2491 -826 795 0
2491 -825 -824 856 0
2491 -825 790 0
2491 -825 791 0
2491 -825 792 0
2491 -825 793 0
2491 -825 794 0
2491 -824 785 0
2491 -824 786 0
2491 -824 787 0
2491 -824 788 0
2491 -824 789 0
2491 -823 -783 -583 0
2491 -822 -780 0
2491 -822 -10 854 0
2491 -821 -768 -540 0
2491 -820 -765 -626 0
2491 -819 -762 -540 0
2491 -818 637 0
2491 -818 736 0
2491 -818 840 0
2491 -817 638 0
2491 -817 737 0
2491 -817 839 0
2491 -816 -727 0
2491 -815 -726 0
2491 -814 -724 0
2491 -813 -754 -723 0
2491 -812 -610 0
2491 -811 -611 0
2491 -810 -608 0
2491 -809 -609 0
2491 -808 -610 0
2491 -807 -611 0
2491 -806 -608 0
2491 -805 -609 0
2491 -804 -728 -518 0
2491 -803 -728 0
2491 -802 -801 -715 861 0
2491 -802 -714 0
2491 -801 -713 0
2491 -800 -799 -798 -797 -796 827 0
2491 -800 -748 0
2491 -799 -749 0
2491 -798 -750 0
2491 -797 -751 0
2491 -796 -752 0
2491 -795 -753 0
2491 -795 -577 826 0
2491 -794 -793 -792 -791 -790 825 0
2491 -794 -738 0
2491 -793 -739 0
2491 -792 -740 0
2491 -791 -741 0
2491 -790 -742 0
2491 -789 -788 -787 -786 -785 824 0
2491 -789 -743 0
2491 -788 -744 0
2491 -787 -745 0
2491 -786 -746 0
2491 -785 -747 0
2491 -784 -725 -642 0
2491 -783 -725 0
2491 -782 -607 0
2491 -781 -606 0
2491 -780 -735 -700 0
2491 -779 -600 0
2491 -779 -498 853 0
2491 -779 -497 852 0
2491 -779 -496 851 0
2491 -779 -495 850 0
2491 -778 -607 0
2491 -777 -600 0
2491 -777 -498 844 0
2491 -777 -497 843 0
2491 -777 -496 842 0
2491 -777 -495 841 0
2491 -776 -634 886 0
2491 -776 507 0
2491 -776 699 0
2491 -775 -634 885 0
2491 -775 506 0
2491 -775 699 0
2491 -774 -634 884 0
2491 -774 505 0
2491 -774 699 0
2491 -773 -634 883 0
2491 -773 499 0
2491 -773 699 0
2491 -772 496 0
2491 -772 600 0
2491 -772 880 0
2491 -771 495 0
2491 -771 600 0
2491 -771 879 0
2491 -770 -606 0
2491 -769 -694 -606 0
2491 -768 -606 0
2491 -767 -733 -732 0
2491 -766 -602 0
2491 -765 -607 0
2491 -764 -691 -607 0
2491 -763 -690 -606 0
2491 -762 -606 0
2491 -761 -731 -730 0
2491 -760 496 0
2491 -760 600 0
2491 -760 876 0
2491 -759 495 0
2491 -759 600 0
2491 -759 875 0
2491 -758 -634 874 0
2491 -758 507 0
2491 -758 697 0
2491 -757 -634 873 0
2491 -757 506 0
2491 -757 697 0
2491 -756 -634 872 0
2491 -756 505 0
2491 -756 697 0
2491 -755 -634 871 0
2491 -755 499 0
2491 -755 697 0
2491 -754 -722 -491 0
2491 -753 -721 -680 0
2491 -752 -720 -678 0
2491 -751 -719 -676 0
2491 -750 -718 -674 0
2491 -749 -717 -672 0
2491 -748 -716 -670 0
2491 -747 -712 -661 0
2491 -746 -711 -659 0
2491 -745 -710 -657 0
2491 -744 -709 -655 0
2491 -743 -708 -653 0
2491 -742 -707 -651 0
2491 -741 -706 -649 0
2491 -740 -705 -647 0
2491 -739 -704 -645 0
2491 -738 -703 -643 0
2491 -737 -638 0
2491 -737 -638 817 0
2491 -737 839 0
2491 -736 -637 0
2491 -736 -637 818 0
2491 -736 840 0
2491 -735 -702 -582 0
2491 -734 535 698 0
2491 -733 -693 -539 0
2491 -732 -692 -538 0
2491 -731 -689 -539 0
2491 -730 -688 -538 0
2491 -729 524 686 0
2491 -728 -669 -668 0
2491 -727 -683 -682 0
2491 -726 -685 -684 0
2491 -725 -640 -639 0
2491 -724 -602 0
2491 -723 -628 -627 0
2491 -722 -627 0
2491 -721 -681 -278 0
2491 -720 -679 -277 0
2491 -719 -677 -276 0
2491 -718 -675 -275 0
2491 -717 -673 -274 0
2491 -716 -671 -273 0
2491 -715 -714 -713 860 0
2491 -715 -667 -666 0
2491 -714 -665 -664 0
2491 -713 -663 -619 0
2491 -712 -662 -272 0
2491 -711 -660 -271 0
2491 -710 -658 -270 0
2491 -709 -656 -269 0
2491 -708 -654 -268 0
2491 -707 -652 -267 0
2491 -706 -650 -266 0
2491 -705 -648 -265 0
2491 -704 -646 -255 0
2491 -703 -644 -254 0
2491 -702 -629 0
2491 -701 -540 0
2491 -700 -641 -629 0
2491 -699 -600 0
2491 -699 -507 776 0
2491 -699 -506 775 0
2491 -699 -505 774 0
2491 -699 -499 773 0
2491 -698 199 0
2491 -698 602 0
2491 -698 734 0
2491 -697 -600 0
2491 -697 -507 758 0
2491 -697 -506 757 0
2491 -697 -505 756 0
2491 -697 -499 755 0
2491 -696 -540 0
2491 -695 -490 0
2491 -694 -540 0
2491 -693 -538 0
2491 -692 -539 0
2491 -691 -626 0
2491 -690 -540 0
2491 -689 -538 0
2491 -688 -539 0
2491 -687 -600 0
2491 -687 -274 932 0
2491 -687 -274 941 0
2491 -687 -273 931 0
2491 -687 -273 940 0
2491 -687 -272 930 0
2491 -687 -272 939 0
2491 -687 -271 929 0
2491 -687 -271 938 0
2491 -687 -270 928 0
2491 -687 -270 937 0
2491 -687 -269 927 0
2491 -687 -269 936 0
2491 -687 -268 926 0
2491 -687 -268 935 0
2491 -687 -267 925 0
2491 -687 -267 934 0
2491 -687 -266 916 0
2491 -687 -266 920 0
2491 -687 -265 915 0
2491 -687 -265 919 0
2491 -687 -255 914 0
2491 -687 -255 918 0
2491 -687 -254 902 0
2491 -687 -254 912 0
2491 -686 249 0
2491 -686 602 0
2491 -686 729 0
2491 -685 -633 -504 0
2491 -684 -632 -503 0
2491 -683 -631 -502 0
2491 -682 -630 -501 0
2491 -681 -599 0
2491 -680 -599 -483 0
2491 -679 -598 0
2491 -678 -598 -482 0
2491 -677 -597 0
2491 -676 -597 -481 0
2491 -675 -596 0
2491 -674 -596 -480 0
2491 -673 -595 0
2491 -672 -595 -479 0
2491 -671 -594 0
2491 -670 -594 -478 0
2491 -669 -625 0
2491 -669 -581 0
2491 -668 -624 0
2491 -668 -580 0
2491 -667 -623 -500 0
2491 -666 -622 -508 0
2491 -665 -621 -507 0
2491 -664 -620 -506 0
2491 -663 -618 -509 0
2491 -662 -593 0
2491 -661 -593 -442 0
2491 -660 -592 0
2491 -659 -592 -441 0
2491 -658 -591 0
2491 -657 -591 -440 0
2491 -656 -590 0
2491 -655 -590 -439 0
2491 -654 -589 0
2491 -653 -589 -438 0
2491 -652 -588 0
2491 -651 -588 -437 0
2491 -650 -587 0
2491 -649 -587 -436 0
2491 -648 -586 0
2491 -647 -586 -435 0
2491 -646 -585 0
2491 -645 -585 -434 0
2491 -644 -584 0
2491 -643 -584 -433 0
2491 -642 -583 0
2491 -641 -582 0
2491 -640 -617 0
2491 -640 -576 0
2491 -639 -616 0
2491 -639 -575 0
2491 -638 614 615 0
2491 -637 612 613 0
2491 -636 537 605 0
2491 -635 536 604 0
2491 -634 30 0
2491 -634 544 0
2491 -634 601 0
2491 -633 -503 0
2491 -632 -504 0
2491 -631 -501 0
2491 -630 -502 0
2491 -629 -574 -573 0
2491 -628 -491 0
2491 -627 -534 0
2491 -626 -495 0
2491 -625 467 0
2491 -625 517 0
2491 -625 579 0
2491 -624 468 0
2491 -624 516 0
2491 -624 578 0
2491 -623 -508 0
2491 -622 -500 0
2491 -621 -506 0
2491 -620 -507 0
2491 -619 -556 -505 0
2491 -618 -505 0
2491 -617 430 0
2491 -617 511 0
2491 -617 572 0
2491 -616 431 0
2491 -616 510 0
2491 -616 571 0
2491 -615 504 0
2491 -615 542 0
2491 -615 638 0
2491 -614 280 0
2491 -614 542 0
2491 -614 638 0
2491 -613 503 0
2491 -613 541 0
2491 -613 637 0
2491 -612 279 0
2491 -612 541 0
2491 -612 637 0
2491 -611 -499 0
2491 -610 -498 0
2491 -609 -497 0
2491 -608 -496 0
2491 -607 -494 0
2491 -606 -493 0
2491 -605 250 0
2491 -605 493 0
2491 -605 636 0
2491 -604 199 0
2491 -604 494 0
2491 -604 635 0
2491 -603 250 0
2491 -603 490 0
2491 -603 1188 0
2491 -602 -534 -235 0
2491 -602 -249 686 0
2491 -602 -199 698 0
2491 -601 -544 -30 634 0
2491 -601 -543 0
2491 -600 -496 760 0
2491 -600 -496 772 0
2491 -600 -495 759 0
2491 -600 -495 771 0
2491 -600 30 0
2491 -600 543 0
2491 -600 544 0
2491 -599 476 563 0
2491 -598 475 562 0
2491 -597 474 561 0
2491 -596 473 560 0
2491 -595 472 559 0
2491 -594 471 558 0
2491 -593 470 557 0
2491 -592 466 555 0
2491 -591 465 554 0
2491 -590 464 553 0
2491 -589 463 552 0
2491 -588 462 551 0
2491 -587 461 550 0
2491 -586 460 549 0
2491 -585 459 548 0
2491 -584 458 547 0
2491 -583 -567 -566 0
2491 -582 -565 -520 0
2491 -581 469 0
2491 -581 516 0
2491 -581 517 0
2491 -580 467 0
2491 -580 468 0
2491 -580 469 0
2491 -579 -517 -467 625 0
2491 -579 -469 0
2491 -578 -516 -468 624 0
2491 -578 -469 0
2491 -577 477 564 0
2491 -576 432 0
2491 -576 510 0
2491 -576 511 0
2491 -575 430 0
2491 -575 431 0
2491 -575 432 0
2491 -574 -546 0
2491 -574 -515 0
2491 -573 -545 0
2491 -573 -514 0
2491 -572 -511 -430 617 0
2491 -572 -432 0
2491 -571 -510 -431 616 0
2491 -571 -432 0
2491 -570 -533 0
2491 -569 -532 0
2491 -568 249 525 0
2491 -567 -522 -486 0
2491 -566 -521 -487 0
2491 -565 -519 -355 0
2491 -564 23 0
2491 -564 503 0
2491 -564 577 0
2491 -563 23 0
2491 -563 502 0
2491 -563 599 0
2491 -562 23 0
2491 -562 501 0
2491 -562 598 0
2491 -561 23 0
2491 -561 500 0
2491 -561 597 0
2491 -560 23 0
2491 -560 508 0
2491 -560 596 0
2491 -559 23 0
2491 -559 507 0
2491 -559 595 0
2491 -558 23 0
2491 -558 506 0
2491 -558 594 0
2491 -557 23 0
2491 -557 505 0
2491 -557 593 0
2491 -556 -509 0
2491 -555 12 0
2491 -555 499 0
2491 -555 592 0
2491 -554 12 0
2491 -554 498 0
2491 -554 591 0
2491 -553 12 0
2491 -553 497 0
2491 -553 590 0
2491 -552 12 0
2491 -552 496 0
2491 -552 589 0
2491 -551 12 0
2491 -551 495 0
2491 -551 588 0
2491 -550 12 0
2491 -550 494 0
2491 -550 587 0
2491 -549 12 0
2491 -549 493 0
2491 -549 586 0
2491 -548 12 0
2491 -548 492 0
2491 -548 585 0
2491 -547 12 0
2491 -547 491 0
2491 -547 584 0
2491 -546 323 0
2491 -546 429 0
2491 -546 513 0
2491 -545 324 0
2491 -545 428 0
2491 -545 512 0
2491 -544 -543 -30 600 0
2491 -544 -501 0
2491 -543 236 0
2491 -543 500 0
2491 -542 -504 -280 0
2491 -542 -504 615 0
2491 -542 -280 614 0
2491 -541 -503 -279 0
2491 -541 -503 613 0
2491 -541 -279 612 0
2491 -540 -492 0
2491 -539 -491 0
2491 -538 -490 0
2491 -537 199 0
2491 -537 495 0
2491 -537 636 0
2491 -536 250 0
2491 -536 492 0
2491 -536 635 0
2491 -535 250 0
2491 -535 491 0
2491 -535 734 0
2491 -534 -492 0
2491 -533 192 0
2491 -533 197 0
2491 -533 238 0
2491 -533 489 0
2491 -532 28 0
2491 -532 192 0
2491 -532 197 0
2491 -532 489 0
2491 -531 -494 0
2491 -530 -495 0
2491 -529 -496 0
2491 -528 -500 0
2491 -527 -502 0
2491 -526 -501 0
2491 -525 198 0
2491 -525 491 0
2491 -525 568 0
2491 -524 198 0
2491 -524 492 0
2491 -524 729 0
2491 -523 198 0
2491 -523 490 0
2491 -523 1088 0
2491 -522 -487 0
2491 -521 -486 0
2491 -520 -485 -484 0
2491 -519 -484 0
2491 -518 -488 0
2491 -517 -516 -469 581 0
2491 -517 -468 0
2491 -516 -467 0
2491 -515 325 0
2491 -515 428 0
2491 -515 429 0
2491 -514 323 0
2491 -514 324 0
2491 -514 325 0
2491 -513 -429 -323 546 0
2491 -513 -325 0
2491 -512 -428 -324 545 0
2491 -512 -325 0
2491 -511 -510 -432 576 0
2491 -511 -431 0
2491 -510 -430 0
2491 -509 334 443 444 445 0
2491 -508 -23 560 0
2491 -508 338 455 456 457 0
2491 -507 -23 559 0
2491 -507 337 452 453 454 0
2491 -506 -23 558 0
2491 -506 336 449 450 451 0
2491 -505 -23 557 0
2491 -505 335 446 447 448 0
2491 -504 322 425 426 427 0
2491 -503 -23 564 0
2491 -503 321 422 423 424 0
2491 -502 -23 563 0
2491 -502 320 419 420 421 0
2491 -501 -23 562 0
2491 -501 319 416 417 418 0
2491 -500 -236 543 0
2491 -500 -23 561 0
2491 -500 318 413 414 415 0
2491 -499 -12 555 0
2491 -499 315 410 411 412 0
2491 -498 -12 554 0
2491 -498 314 407 408 409 0
2491 -497 -12 553 0
2491 -497 313 404 405 406 0
2491 -496 -12 552 0
2491 -496 312 401 402 403 0
2491 -495 -199 537 0
2491 -495 -12 551 0
2491 -495 311 398 399 400 0
2491 -494 -199 604 0
2491 -494 -12 550 0
2491 -494 307 395 396 397 0
2491 -493 -250 605 0
2491 -493 -12 549 0
2491 -493 306 392 393 394 0
2491 -492 -250 536 0
2491 -492 -198 524 0
2491 -492 -12 548 0
2491 -492 305 389 390 391 0
2491 -491 -250 535 0
2491 -491 -198 525 0
2491 -491 -12 547 0
2491 -491 304 386 387 388 0
2491 -490 -250 603 0
2491 -490 -198 523 0
2491 -490 303 383 384 385 0
2491 -489 -238 -197 -192 533 0
2491 -489 -197 -192 -28 532 0
2491 -489 381 0
2491 -489 382 0
2491 -488 -379 -378 0
2491 -487 -375 -374 0
2491 -486 -377 -376 0
2491 -485 -355 0
2491 -484 -373 -372 0
2491 -483 -278 0
2491 -482 -277 0
2491 -481 -276 0
2491 -480 -275 0
2491 -479 -274 0
2491 -478 -273 0
2491 -477 22 0
2491 -477 348 0
2491 -477 577 0
2491 -476 27 0
2491 -476 348 0
2491 -476 599 0
2491 -475 26 0
2491 -475 348 0
2491 -475 598 0
2491 -474 21 0
2491 -474 348 0
2491 -474 597 0
2491 -473 25 0
2491 -473 347 0
2491 -473 596 0
2491 -472 20 0
2491 -472 347 0
2491 -472 595 0
2491 -471 24 0
2491 -471 347 0
2491 -471 594 0
2491 -470 19 0
2491 -470 347 0
2491 -470 593 0
2491 -469 -468 -467 580 0
2491 -469 -371 -370 0
2491 -468 -369 -368 0
2491 -467 -367 -342 0
2491 -466 18 0
2491 -466 340 0
2491 -466 592 0
2491 -465 6 0
2491 -465 340 0
2491 -465 591 0
2491 -464 17 0
2491 -464 340 0
2491 -464 590 0
2491 -463 16 0
2491 -463 340 0
2491 -463 589 0
2491 -462 15 0
2491 -462 340 0
2491 -462 588 0
2491 -461 5 0
2491 -461 339 0
2491 -461 587 0
2491 -460 14 0
2491 -460 339 0
2491 -460 586 0
2491 -459 4 0
2491 -459 339 0
2491 -459 585 0
2491 -458 13 0
2491 -458 339 0
2491 -458 584 0
2491 -457 101 0
2491 -457 222 0
2491 -457 332 0
2491 -457 508 0
2491 -456 81 0
2491 -456 221 0
2491 -456 333 0
2491 -456 508 0
2491 -455 111 0
2491 -455 332 0
2491 -455 333 0
2491 -455 508 0
2491 -454 102 0
2491 -454 222 0
2491 -454 332 0
2491 -454 507 0
2491 -453 82 0
2491 -453 221 0
2491 -453 333 0
2491 -453 507 0
2491 -452 112 0
2491 -452 332 0
2491 -452 333 0
2491 -452 507 0
2491 -451 103 0
2491 -451 222 0
2491 -451 332 0
2491 -451 506 0
2491 -450 83 0
2491 -450 221 0
2491 -450 333 0
2491 -450 506 0
2491 -449 113 0
2491 -449 332 0
2491 -449 333 0
2491 -449 506 0
2491 -448 95 0
2491 -448 222 0
2491 -448 332 0
2491 -448 505 0
2491 -447 75 0
2491 -447 221 0
2491 -447 333 0
2491 -447 505 0
2491 -446 105 0
2491 -446 332 0
2491 -446 333 0
2491 -446 505 0
2491 -445 104 0
2491 -445 222 0
2491 -445 332 0
2491 -445 509 0
2491 -444 84 0
2491 -444 221 0
2491 -444 333 0
2491 -444 509 0
2491 -443 114 0
2491 -443 332 0
2491 -443 333 0
2491 -443 509 0
2491 -442 -272 0
2491 -441 -271 0
2491 -440 -270 0
2491 -439 -269 0
2491 -438 -268 0
2491 -437 -267 0
2491 -436 -266 0
2491 -435 -265 0
2491 -434 -255 0
2491 -433 -254 0
2491 -432 -431 -430 575 0
2491 -432 -366 -365 0
2491 -431 -364 -363 0
2491 -430 -362 -327 0
2491 -429 -428 -325 515 0
2491 -429 -324 0
2491 -428 -323 0
2491 -427 222 0
2491 -427 316 0
2491 -427 504 0
2491 -426 221 0
2491 -426 317 0
2491 -426 504 0
2491 -425 316 0
2491 -425 317 0
2491 -425 504 0
2491 -424 97 0
2491 -424 222 0
2491 -424 316 0
2491 -424 503 0
2491 -423 77 0
2491 -423 221 0
2491 -423 317 0
2491 -423 503 0
2491 -422 107 0
2491 -422 316 0
2491 -422 317 0
2491 -422 503 0
2491 -421 98 0
2491 -421 222 0
2491 -421 316 0
2491 -421 502 0
2491 -420 78 0
2491 -420 221 0
2491 -420 317 0
2491 -420 502 0
2491 -419 108 0
2491 -419 316 0
2491 -419 317 0
2491 -419 502 0
2491 -418 99 0
2491 -418 222 0
2491 -418 316 0
2491 -418 501 0
2491 -417 79 0
2491 -417 221 0
2491 -417 317 0
2491 -417 501 0
2491 -416 109 0
2491 -416 316 0
2491 -416 317 0
2491 -416 501 0
2491 -415 100 0
2491 -415 222 0
2491 -415 316 0
2491 -415 500 0
2491 -414 80 0
2491 -414 221 0
2491 -414 317 0
2491 -414 500 0
2491 -413 110 0
2491 -413 316 0
2491 -413 317 0
2491 -413 500 0
2491 -412 44 0
2491 -412 196 0
2491 -412 309 0
2491 -412 499 0
2491 -411 33 0
2491 -411 193 0
2491 -411 310 0
2491 -411 499 0
2491 -410 65 0
2491 -410 309 0
2491 -410 310 0
2491 -410 499 0
2491 -409 45 0
2491 -409 196 0
2491 -409 309 0
2491 -409 498 0
2491 -408 34 0
2491 -408 193 0
2491 -408 310 0
2491 -408 498 0
2491 -407 66 0
2491 -407 309 0
2491 -407 310 0
2491 -407 498 0
2491 -406 196 0
2491 -406 309 0
2491 -406 497 0
2491 -405 35 0
2491 -405 193 0
2491 -405 310 0
2491 -405 497 0
2491 -404 67 0
2491 -404 309 0
2491 -404 310 0
2491 -404 497 0
2491 -403 46 0
2491 -403 196 0
2491 -403 309 0
2491 -403 496 0
2491 -402 36 0
2491 -402 193 0
2491 -402 310 0
2491 -402 496 0
2491 -401 68 0
2491 -401 309 0
2491 -401 310 0
2491 -401 496 0
2491 -400 47 0
2491 -400 196 0
2491 -400 309 0
2491 -400 495 0
2491 -399 37 0
2491 -399 193 0
2491 -399 310 0
2491 -399 495 0
2491 -398 69 0
2491 -398 309 0
2491 -398 310 0
2491 -398 495 0
2491 -397 48 0
2491 -397 196 0
2491 -397 301 0
2491 -397 494 0
2491 -396 38 0
2491 -396 193 0
2491 -396 302 0
2491 -396 494 0
2491 -395 70 0
2491 -395 301 0
2491 -395 302 0
2491 -395 494 0
2491 -394 49 0
2491 -394 196 0
2491 -394 301 0
2491 -394 493 0
2491 -393 39 0
2491 -393 193 0
2491 -393 302 0
2491 -393 493 0
2491 -392 71 0
2491 -392 301 0
2491 -392 302 0
2491 -392 493 0
2491 -391 50 0
2491 -391 196 0
2491 -391 301 0
2491 -391 492 0
2491 -390 40 0
2491 -390 193 0
2491 -390 302 0
2491 -390 492 0
2491 -389 72 0
2491 -389 301 0
2491 -389 302 0
2491 -389 492 0
2491 -388 42 0
2491 -388 196 0
2491 -388 301 0
2491 -388 491 0
2491 -387 31 0
2491 -387 193 0
2491 -387 302 0
2491 -387 491 0
2491 -386 63 0
2491 -386 301 0
2491 -386 302 0
2491 -386 491 0
2491 -385 51 0
2491 -385 196 0
2491 -385 301 0
2491 -385 490 0
2491 -384 41 0
2491 -384 193 0
2491 -384 302 0
2491 -384 490 0
2491 -383 73 0
2491 -383 301 0
2491 -383 302 0
2491 -383 490 0
2491 -382 -381 489 0
2491 -382 -360 0
2491 -381 -359 0
2491 -380 -300 0
2491 -379 -357 -220 0
2491 -378 -356 -219 0
2491 -377 -354 -212 0
2491 -376 -353 -211 0
2491 -375 -352 -210 0
2491 -374 -351 -209 0
2491 -373 -350 -202 0
2491 -372 -349 -201 0
2491 -371 -346 -218 0
2491 -370 -345 -217 0
2491 -369 -344 -216 0
2491 -368 -343 -215 0
2491 -367 -341 -233 0
2491 -366 -331 -208 0
2491 -365 -330 -207 0
2491 -364 -329 -206 0
2491 -363 -328 -205 0
2491 -362 -326 -232 0
2491 -361 251 308 0
2491 -360 195 0
2491 -360 299 0
2491 -359 223 0
2491 -359 298 0
2491 -358 -295 0
2491 -357 -219 0
2491 -356 -220 0
2491 -355 -293 -292 0
2491 -354 -211 0
2491 -353 -212 0
2491 -352 -209 0
2491 -351 -210 0
2491 -350 -201 0
2491 -349 -202 0
2491 -348 -27 476 0
2491 -348 -26 475 0
2491 -348 -23 0
2491 -348 -22 477 0
2491 -348 -21 474 0
2491 -347 -25 473 0
2491 -347 -24 471 0
2491 -347 -23 0
2491 -347 -20 472 0
2491 -347 -19 470 0
2491 -346 -217 0
2491 -345 -218 0
2491 -344 -215 0
2491 -343 -216 0
2491 -342 -263 -214 0
2491 -341 -214 0
2491 -340 -18 466 0
2491 -340 -17 464 0
2491 -340 -16 463 0
2491 -340 -15 462 0
2491 -340 -12 0
2491 -340 -6 465 0
2491 -339 -14 460 0
2491 -339 -13 458 0
2491 -339 -12 0
2491 -339 -5 461 0
2491 -339 -4 459 0
2491 -338 91 0
2491 -338 221 0
2491 -338 222 0
2491 -338 508 0
2491 -337 92 0
2491 -337 221 0
2491 -337 222 0
2491 -337 507 0
2491 -336 93 0
2491 -336 221 0
2491 -336 222 0
2491 -336 506 0
2491 -335 85 0
2491 -335 221 0
2491 -335 222 0
2491 -335 505 0
2491 -334 94 0
2491 -334 221 0
2491 -334 222 0
2491 -334 509 0
2491 -333 -332 -114 443 0
2491 -333 -332 -113 449 0
2491 -333 -332 -112 452 0
2491 -333 -332 -111 455 0
2491 -333 -332 -105 446 0
2491 -333 -222 0
2491 -333 -221 -84 444 0
2491 -333 -221 -83 450 0
2491 -333 -221 -82 453 0
2491 -333 -221 -81 456 0
2491 -333 -221 -75 447 0
2491 -332 -222 -104 445 0
2491 -332 -222 -103 451 0
2491 -332 -222 -102 454 0
2491 -332 -222 -101 457 0
2491 -332 -222 -95 448 0
2491 -332 -221 0
2491 -331 -207 0
2491 -330 -208 0
2491 -329 -205 0
2491 -328 -206 0
2491 -327 -262 -204 0
2491 -326 -204 0
2491 -325 -324 -323 514 0
2491 -325 -291 -290 0
2491 -324 -289 -288 0
2491 -323 -287 -286 0
2491 -322 221 0
2491 -322 222 0
2491 -322 504 0
2491 -321 87 0
2491 -321 221 0
2491 -321 222 0
2491 -321 503 0
2491 -320 88 0
2491 -320 221 0
2491 -320 222 0
2491 -320 502 0
2491 -319 89 0
2491 -319 221 0
2491 -319 222 0
2491 -319 501 0
2491 -318 90 0
2491 -318 221 0
2491 -318 222 0
2491 -318 500 0
2491 -317 -316 -110 413 0
2491 -317 -316 -109 416 0
2491 -317 -316 -108 419 0
2491 -317 -316 -107 422 0
2491 -317 -316 425 0
2491 -317 -222 0
2491 -317 -221 -80 414 0
2491 -317 -221 -79 417 0
2491 -317 -221 -78 420 0
2491 -317 -221 -77 423 0
2491 -317 -221 426 0
2491 -316 -222 -100 415 0
2491 -316 -222 -99 418 0
2491 -316 -222 -98 421 0
2491 -316 -222 -97 424 0
2491 -316 -222 427 0
2491 -316 -221 0
2491 -315 54 0
2491 -315 193 0
2491 -315 196 0
2491 -315 499 0
2491 -314 55 0
2491 -314 193 0
2491 -314 196 0
2491 -314 498 0
2491 -313 56 0
2491 -313 193 0
2491 -313 196 0
2491 -313 497 0
2491 -312 57 0
2491 -312 193 0
2491 -312 196 0
2491 -312 496 0
2491 -311 58 0
2491 -311 193 0
2491 -311 196 0
2491 -311 495 0
2491 -310 -309 -69 398 0
2491 -310 -309 -68 401 0
2491 -310 -309 -67 404 0
2491 -310 -309 -66 407 0
2491 -310 -309 -65 410 0
2491 -310 -196 0
2491 -310 -193 -37 399 0
2491 -310 -193 -36 402 0
2491 -310 -193 -35 405 0
2491 -310 -193 -34 408 0
2491 -310 -193 -33 411 0
2491 -309 -196 -47 400 0
2491 -309 -196 -46 403 0
2491 -309 -196 -45 409 0
2491 -309 -196 -44 412 0
2491 -309 -196 406 0
2491 -309 -193 0
2491 -308 9 0
2491 -308 250 0
2491 -308 361 0
2491 -307 59 0
2491 -307 193 0
2491 -307 196 0
2491 -307 494 0
2491 -306 60 0
2491 -306 193 0
2491 -306 196 0
2491 -306 493 0
2491 -305 61 0
2491 -305 193 0
2491 -305 196 0
2491 -305 492 0
2491 -304 52 0
2491 -304 193 0
2491 -304 196 0
2491 -304 491 0
2491 -303 62 0
2491 -303 193 0
2491 -303 196 0
2491 -303 490 0
2491 -302 -301 -73 383 0
2491 -302 -301 -72 389 0
2491 -302 -301 -71 392 0
2491 -302 -301 -70 395 0
2491 -302 -301 -63 386 0
2491 -302 -196 0
2491 -302 -193 -41 384 0
2491 -302 -193 -40 390 0
2491 -302 -193 -39 393 0
2491 -302 -193 -38 396 0
2491 -302 -193 -31 387 0
2491 -301 -196 -51 385 0
2491 -301 -196 -50 391 0
2491 -301 -196 -49 394 0
2491 -301 -196 -48 397 0
2491 -301 -196 -42 388 0
2491 -301 -193 0
2491 -300 252 0
2491 -300 253 0
2491 -299 -253 0
2491 -299 -195 360 0
2491 -298 -252 0
2491 -298 -223 359 0
2491 -297 -264 -195 0
2491 -296 -264 0
2491 -295 223 0
2491 -295 264 0
2491 -294 74 0
2491 -294 191 0
2491 -293 -282 -230 0
2491 -292 -281 -231 0
2491 -291 -261 -228 0
2491 -290 -260 -229 0
2491 -289 -259 -226 0
2491 -288 -258 -227 0
2491 -287 -257 -224 0
2491 -286 -256 -225 0
2491 -285 -248 0
2491 -284 -247 0
2491 -283 -237 0
2491 -282 -231 0
2491 -281 -230 0
2491 -280 -220 0
2491 -279 -219 0
2491 -278 -218 0
2491 -277 -217 0
2491 -276 -216 0
2491 -275 -215 0
2491 -274 -214 0
2491 -273 -212 0
2491 -272 -211 0
2491 -271 -210 0
2491 -270 -209 0
2491 -269 -208 0
2491 -268 -207 0
2491 -267 -206 0
2491 -266 -205 0
2491 -265 -204 0
2491 -264 -223 295 0
2491 -264 7 0
2491 -264 197 0
2491 -263 -233 0
2491 -262 -232 0
2491 -261 -229 0
2491 -260 -228 0
2491 -259 -227 0
2491 -258 -226 0
2491 -257 -225 0
2491 -256 -224 0
2491 -255 -202 0
2491 -254 -201 0
2491 -253 -252 300 0
2491 -253 43 0
2491 -253 53 0
2491 -253 86 0
2491 -253 96 0
2491 -252 32 0
2491 -252 64 0
2491 -252 76 0
2491 -252 106 0
2491 -251 9 0
2491 -251 199 0
2491 -251 361 0
2491 -250 -199 0
2491 -250 -9 308 0
2491 -249 -198 0
2491 -249 568 0
2491 -248 29 0
2491 -247 2 0
2491 -247 11 0
2491 -247 197 0
2491 -246 -86 0
2491 -245 -43 0
2491 -244 -96 0
2491 -243 -53 0
2491 -242 -76 0
2491 -241 -64 0
2491 -240 -106 0
2491 -239 -32 0
2491 -238 -234 0
2491 -237 215 0
2491 -237 216 0
2491 -237 217 0
2491 -237 218 0
2491 -236 -203 0
2491 -235 -194 0
2491 -234 1 0
2491 -234 3 0
2491 -222 -221 -94 334 0
2491 -222 -221 -93 336 0
2491 -222 -221 -92 337 0
2491 -222 -221 -91 338 0
2491 -222 -221 -90 318 0
2491 -222 -221 -89 319 0
2491 -222 -221 -88 320 0
2491 -222 -221 -87 321 0
2491 -222 -221 -85 335 0
2491 -222 -221 322 0
2491 -218 -217 -216 -215 237 0
2491 -199 -9 251 0
2491 -197 -11 -2 247 0
2491 -197 -7 264 0
2491 -196 -193 -62 303 0
2491 -196 -193 -61 305 0
2491 -196 -193 -60 306 0
2491 -196 -193 -59 307 0
2491 -196 -193 -58 311 0
2491 -196 -193 -57 312 0
2491 -196 -193 -56 313 0
2491 -196 -193 -55 314 0
2491 -196 -193 -54 315 0
2491 -196 -193 -52 304 0
2491 -191 -74 294 0
2491 -106 -76 -64 -32 252 0
2491 -96 -86 -53 -43 253 0
2491 -29 248 0
2491 -3 -1 234 0
2491 12 339 0
2491 12 340 0
2491 23 347 0
2491 23 348 0
2491 32 239 0
2491 43 245 0
2491 53 243 0
2491 64 241 0
2491 76 242 0
2491 86 246 0
2491 96 244 0
2491 106 240 0
2491 193 301 0
2491 193 309 0
2491 194 235 0
2491 195 297 0
2491 196 302 0
2491 196 310 0
2491 198 249 0
2491 199 250 0
2491 201 254 0
2491 201 350 0
2491 201 372 0
2491 202 255 0
2491 202 349 0
2491 202 373 0
2491 203 236 0
2491 204 265 0
2491 204 326 0
2491 204 327 0
2491 205 266 0
2491 205 329 0
2491 205 363 0
2491 206 267 0
2491 206 328 0
2491 206 364 0
2491 207 268 0
2491 207 331 0
2491 207 365 0
2491 208 269 0
2491 208 330 0
2491 208 366 0
2491 209 270 0
2491 209 352 0
2491 209 374 0
2491 210 271 0
2491 210 351 0
2491 210 375 0
2491 211 272 0
2491 211 354 0
2491 211 376 0
2491 212 273 0
2491 212 353 0
2491 212 377 0
2491 214 274 0
2491 214 341 0
2491 214 342 0
2491 215 275 0
2491 215 344 0
2491 215 368 0
2491 216 276 0
2491 216 343 0
2491 216 369 0
2491 217 277 0
2491 217 346 0
2491 217 370 0
2491 218 278 0
2491 218 345 0
2491 218 371 0
2491 219 279 0
2491 219 357 0
2491 219 378 0
2491 220 280 0
2491 220 356 0
2491 220 379 0
2491 221 316 0
2491 221 332 0
2491 222 317 0
2491 222 333 0
2491 224 256 0
2491 224 287 0
2491 225 257 0
2491 225 286 0
2491 226 258 0
2491 226 289 0
2491 227 259 0
2491 227 288 0
2491 228 260 0
2491 228 291 0
2491 229 261 0
2491 229 290 0
2491 230 281 0
2491 230 293 0
2491 231 282 0
2491 231 292 0
2491 232 262 0
2491 232 362 0
2491 233 263 0
2491 233 367 0
2491 234 238 0
2491 235 602 0
2491 237 283 0
2491 247 284 0
2491 248 285 0
2491 252 298 0
2491 253 299 0
2491 254 433 0
2491 254 703 0
2491 255 434 0
2491 255 704 0
2491 256 286 0
2491 257 287 0
2491 258 288 0
2491 259 289 0
2491 260 290 0
2491 261 291 0
2491 262 327 0
2491 263 342 0
2491 264 296 0
2491 264 297 0
2491 265 435 0
2491 265 705 0
2491 266 436 0
2491 266 706 0
2491 267 437 0
2491 267 707 0
2491 268 438 0
2491 268 708 0
2491 269 439 0
2491 269 709 0
2491 270 440 0
2491 270 710 0
2491 271 441 0
2491 271 711 0
2491 272 442 0
2491 272 712 0
2491 273 478 0
2491 273 716 0
2491 274 479 0
2491 274 717 0
2491 275 480 0
2491 275 718 0
2491 276 481 0
2491 276 719 0
2491 277 482 0
2491 277 720 0
2491 278 483 0
2491 278 721 0
2491 279 541 0
2491 280 542 0
2491 281 292 0
2491 282 293 0
2491 286 323 0
2491 287 323 0
2491 288 324 0
2491 289 324 0
2491 290 325 0
2491 291 325 0
2491 292 355 0
2491 293 355 0
2491 295 358 0
2491 300 380 0
2491 323 428 0
2491 324 429 0
2491 325 512 0
2491 325 513 0
2491 326 362 0
2491 327 430 0
2491 328 363 0
2491 329 364 0
2491 330 365 0
2491 331 366 0
2491 341 367 0
2491 342 467 0
2491 343 368 0
2491 344 369 0
2491 345 370 0
2491 346 371 0
2491 349 372 0
2491 350 373 0
2491 351 374 0
2491 352 375 0
2491 353 376 0
2491 354 377 0
2491 355 485 0
2491 355 565 0
2491 356 378 0
2491 357 379 0
2491 359 381 0
2491 360 382 0
2491 362 430 0
2491 363 431 0
2491 364 431 0
2491 365 432 0
2491 366 432 0
2491 367 467 0
2491 368 468 0
2491 369 468 0
2491 370 469 0
2491 371 469 0
2491 372 484 0
2491 373 484 0
2491 374 487 0
2491 375 487 0
2491 376 486 0
2491 377 486 0
2491 378 488 0
2491 379 488 0
2491 430 510 0
2491 431 511 0
2491 432 571 0
2491 432 572 0
2491 433 643 0
2491 434 645 0
2491 435 647 0
2491 436 649 0
2491 437 651 0
2491 438 653 0
2491 439 655 0
2491 440 657 0
2491 441 659 0
2491 442 661 0
2491 467 516 0
2491 468 517 0
2491 469 578 0
2491 469 579 0
2491 478 670 0
2491 479 672 0
2491 480 674 0
2491 481 676 0
2491 482 678 0
2491 483 680 0
2491 484 519 0
2491 484 520 0
2491 485 520 0
2491 486 521 0
2491 486 567 0
2491 487 522 0
2491 487 566 0
2491 488 518 0
2491 488 828 0
2491 490 538 0
2491 490 695 0
2491 490 997 0
2491 491 539 0
2491 491 628 0
2491 491 754 0
2491 492 534 0
2491 492 540 0
2491 493 606 0
2491 494 531 0
2491 494 607 0
2491 495 530 0
2491 495 626 0
2491 496 529 0
2491 496 608 0
2491 497 609 0
2491 498 610 0
2491 499 611 0
2491 500 528 0
2491 500 622 0
2491 500 667 0
2491 501 526 0
2491 501 544 0
2491 501 631 0
2491 501 682 0
2491 502 527 0
2491 502 630 0
2491 502 683 0
2491 503 541 0
2491 503 633 0
2491 503 684 0
2491 504 542 0
2491 504 632 0
2491 504 685 0
2491 505 618 0
2491 505 619 0
2491 506 621 0
2491 506 664 0
2491 507 620 0
2491 507 665 0
2491 508 623 0
2491 508 666 0
2491 509 556 0
2491 509 663 0
2491 514 545 573 0
2491 515 546 574 0
2491 518 804 0
2491 519 565 0
2491 520 582 0
2491 521 566 0
2491 522 567 0
2491 532 569 0
2491 533 570 0
2491 534 602 0
2491 534 627 0
2491 538 689 0
2491 538 693 0
2491 538 730 0
2491 538 732 0
2491 539 688 0
2491 539 692 0
2491 539 731 0
2491 539 733 0
2491 540 690 0
2491 540 694 0
2491 540 696 0
2491 540 701 0
2491 540 819 0
2491 540 821 0
2491 540 1138 0
2491 540 1145 0
2491 543 601 0
2491 556 619 0
2491 565 582 0
2491 566 583 0
2491 567 583 0
2491 573 629 0
2491 574 629 0
2491 575 616 639 0
2491 576 617 640 0
2491 580 624 668 0
2491 581 625 669 0
2491 582 641 0
2491 582 735 0
2491 583 642 0
2491 583 823 0
2491 584 643 0
2491 584 644 0
2491 585 645 0
2491 585 646 0
2491 586 647 0
2491 586 648 0
2491 587 649 0
2491 587 650 0
2491 588 651 0
2491 588 652 0
2491 589 653 0
2491 589 654 0
2491 590 655 0
2491 590 656 0
2491 591 657 0
2491 591 658 0
2491 592 659 0
2491 592 660 0
2491 593 661 0
2491 593 662 0
2491 594 670 0
2491 594 671 0
2491 595 672 0
2491 595 673 0
2491 596 674 0
2491 596 675 0
2491 597 676 0
2491 597 677 0
2491 598 678 0
2491 598 679 0
2491 599 680 0
2491 599 681 0
2491 600 687 0
2491 600 697 0
2491 600 699 0
2491 600 777 0
2491 600 779 0
2491 602 724 0
2491 602 766 0
2491 606 762 0
2491 606 763 0
2491 606 768 0
2491 606 769 0
2491 606 770 0
2491 606 781 0
2491 606 1137 0
2491 606 1144 0
2491 607 764 0
2491 607 765 0
2491 607 778 0
2491 607 782 0
2491 607 1143 0
2491 607 1150 0
2491 608 806 0
2491 608 810 0
2491 608 829 0
2491 608 833 0
2491 609 805 0
2491 609 809 0
2491 609 830 0
2491 609 834 0
2491 610 808 0
2491 610 812 0
2491 610 831 0
2491 610 835 0
2491 611 807 0
2491 611 811 0
2491 611 832 0
2491 611 836 0
2491 618 663 0
2491 619 713 0
2491 620 664 0
2491 621 665 0
2491 622 666 0
2491 623 667 0
2491 626 691 0
2491 626 820 0
2491 627 722 0
2491 627 723 0
2491 628 723 0
2491 629 700 0
2491 629 702 0
2491 630 682 0
2491 631 683 0
2491 632 684 0
2491 633 685 0
2491 637 736 0
2491 638 737 0
2491 639 725 0
2491 640 725 0
2491 641 700 0
2491 642 784 0
2491 643 738 0
2491 644 703 0
2491 645 739 0
2491 646 704 0
2491 647 740 0
2491 648 705 0
2491 649 741 0
2491 650 706 0
2491 651 742 0
2491 652 707 0
2491 653 743 0
2491 654 708 0
2491 655 744 0
2491 656 709 0
2491 657 745 0
2491 658 710 0
2491 659 746 0
2491 660 711 0
2491 661 747 0
2491 662 712 0
2491 663 713 0
2491 664 714 0
2491 665 714 0
2491 666 715 0
2491 667 715 0
2491 668 728 0
2491 669 728 0
2491 670 748 0
2491 671 716 0
2491 672 749 0
2491 673 717 0
2491 674 750 0
2491 675 718 0
2491 676 751 0
2491 677 719 0
2491 678 752 0
2491 679 720 0
2491 680 753 0
2491 681 721 0
2491 682 727 0
2491 683 727 0
2491 684 726 0
2491 685 726 0
2491 687 913 0
2491 687 917 0
2491 687 924 0
2491 687 933 0
2491 688 730 0
2491 689 731 0
2491 690 763 0
2491 691 764 0
2491 692 732 0
2491 693 733 0
2491 694 769 0
2491 695 977 0
2491 696 1112 0
2491 700 780 0
2491 701 1125 0
2491 702 735 0
2491 703 738 0
2491 704 739 0
2491 705 740 0
2491 706 741 0
2491 707 742 0
2491 708 743 0
2491 709 744 0
2491 710 745 0
2491 711 746 0
2491 712 747 0
2491 713 801 0
2491 714 802 0
2491 715 858 0
2491 715 859 0
2491 716 748 0
2491 717 749 0
2491 718 750 0
2491 719 751 0
2491 720 752 0
2491 721 753 0
2491 722 754 0
2491 723 813 0
2491 724 814 0
2491 724 890 0
2491 725 783 0
2491 725 784 0
2491 726 815 0
2491 726 838 0
2491 727 816 0
2491 727 837 0
2491 728 803 0
2491 728 804 0
2491 730 761 0
2491 731 761 0
2491 732 767 0
2491 733 767 0
2491 735 780 0
2491 738 794 0
2491 739 793 0
2491 740 792 0
2491 741 791 0
2491 742 790 0
2491 743 789 0
2491 744 788 0
2491 745 787 0
2491 746 786 0
2491 747 785 0
2491 748 800 0
2491 749 799 0
2491 750 798 0
2491 751 797 0
2491 752 796 0
2491 753 795 0
2491 754 813 0
2491 761 845 0
2491 762 819 0
2491 763 846 0
2491 764 847 0
2491 765 820 0
2491 767 848 0
2491 768 821 0
2491 769 849 0
2491 770 1111 0
2491 778 1122 0
2491 780 822 0
2491 781 1124 0
2491 782 1134 0
2491 783 823 0
2491 784 855 0
2491 803 828 0
2491 804 862 0
2491 805 829 0
2491 806 830 0
2491 807 831 0
2491 808 832 0
2491 809 833 0
2491 810 834 0
2491 811 835 0
2491 812 836 0
2491 813 865 0
2491 813 866 0
2491 814 866 0
2491 815 837 0
2491 816 838 0
2491 819 846 0
2491 820 847 0
2491 821 849 0
2491 823 855 0
2491 828 862 0
2491 829 864 0
2491 830 864 0
2491 831 863 0
2491 832 863 0
2491 833 868 0
2491 834 868 0
2491 835 867 0
2491 836 867 0
2491 837 869 0
2491 838 869 0
2491 839 870 0
2491 840 870 0
2491 846 901 0
2491 847 969 0
2491 847 970 0
2491 849 971 0
2491 849 972 0
2491 854 911 0
2491 855 892 0
2491 860 888 921 0
2491 861 889 922 0
2491 862 891 0
2491 863 942 0
2491 863 965 0
2491 864 943 0
2491 864 964 0
2491 865 890 0
2491 866 946 0
2491 867 944 0
2491 867 967 0
2491 868 945 0
2491 868 966 0
2491 869 923 0
2491 869 1032 0
2491 871 893 0
2491 872 894 0
2491 873 895 0
2491 874 896 0
2491 877 899 0
2491 878 900 0
2491 881 905 0
2491 882 906 0
2491 883 907 0
2491 884 908 0
2491 885 909 0
2491 886 910 0
2491 887 947 0
2491 890 946 0
2491 893 1036 0
2491 893 1093 0
2491 894 1035 0
2491 894 1092 0
2491 895 1034 0
2491 895 1091 0
2491 896 1033 0
2491 896 1090 0
2491 897 948 0
2491 898 949 0
2491 899 1038 0
2491 899 1095 0
2491 900 1037 0
2491 900 1094 0
2491 903 950 0
2491 904 951 0
2491 905 1045 0
2491 905 1103 0
2491 906 1044 0
2491 906 1102 0
2491 907 1043 0
2491 907 1101 0
2491 908 1042 0
2491 908 1100 0
2491 909 1041 0
2491 909 1099 0
2491 910 1040 0
2491 910 1098 0
2491 921 968 0
2491 922 968 0
2491 923 999 0
2491 942 964 0
2491 943 965 0
2491 944 966 0
2491 945 967 0
2491 946 977 0
2491 946 978 0
2491 948 1067 0
2491 948 1157 0
2491 949 1066 0
2491 949 1156 0
2491 950 1084 0
2491 950 1168 0
2491 951 1083 0
2491 951 1167 0
2491 952 1064 0
2491 952 1065 0
2491 953 1062 0
2491 953 1063 0
2491 954 1060 0
2491 954 1061 0
2491 955 1058 0
2491 955 1059 0
2491 956 1056 0
2491 956 1057 0
2491 957 1054 0
2491 957 1055 0
2491 958 1081 0
2491 958 1082 0
2491 959 1079 0
2491 959 1080 0
2491 960 1077 0
2491 960 1078 0
2491 961 1075 0
2491 961 1076 0
2491 962 1073 0
2491 962 1074 0
2491 963 1071 0
2491 963 1072 0
2491 964 991 0
2491 965 991 0
2491 966 992 0
2491 967 992 0
2491 968 999 0
2491 968 1019 0
2491 973 993 1025 0
2491 974 994 1026 0
2491 975 995 1027 0
2491 976 996 1028 0
2491 977 1024 0
2491 978 997 0
2491 991 1029 0
2491 991 1135 0
2491 992 1030 0
2491 992 1136 0
2491 997 1024 0
2491 999 1053 0
2491 1013 1112 0
2491 1013 1113 0
2491 1014 1110 0
2491 1014 1111 0
2491 1015 1121 0
2491 1015 1122 0
2491 1016 1125 0
2491 1016 1126 0
2491 1017 1123 0
2491 1017 1124 0
2491 1018 1133 0
2491 1018 1134 0
2491 1019 1032 0
2491 1025 1086 0
2491 1026 1086 0
2491 1027 1087 0
2491 1028 1087 0
2491 1029 1107 0
2491 1030 1109 0
2491 1032 1053 0
2491 1033 1055 0
2491 1034 1057 0
2491 1035 1059 0
2491 1036 1061 0
2491 1037 1063 0
2491 1038 1065 0
2491 1040 1072 0
2491 1041 1074 0
2491 1042 1076 0
2491 1043 1078 0
2491 1044 1080 0
2491 1045 1082 0
2491 1046 1141 0
2491 1046 1142 0
2491 1047 1139 0
2491 1047 1140 0
2491 1048 1148 0
2491 1048 1149 0
2491 1049 1146 0
2491 1049 1147 0
2491 1053 1089 0
2491 1054 1090 0
2491 1055 1115 0
2491 1056 1091 0
2491 1057 1116 0
2491 1058 1092 0
2491 1059 1117 0
2491 1060 1093 0
2491 1061 1118 0
2491 1062 1094 0
2491 1063 1119 0
2491 1064 1095 0
2491 1065 1120 0
2491 1066 1140 0
2491 1067 1142 0
2491 1071 1098 0
2491 1072 1127 0
2491 1073 1099 0
2491 1074 1128 0
2491 1075 1100 0
2491 1076 1129 0
2491 1077 1101 0
2491 1078 1130 0
2491 1079 1102 0
2491 1080 1131 0
2491 1081 1103 0
2491 1082 1132 0
2491 1083 1147 0
2491 1084 1149 0
2491 1086 1106 0
2491 1086 1107 0
2491 1087 1108 0
2491 1087 1109 0
2491 1090 1115 0
2491 1091 1116 0
2491 1092 1117 0
2491 1093 1118 0
2491 1094 1119 0
2491 1095 1120 0
2491 1098 1127 0
2491 1099 1128 0
2491 1100 1129 0
2491 1101 1130 0
2491 1102 1131 0
2491 1103 1132 0
2491 1106 1135 0
2491 1107 1151 0
2491 1108 1136 0
2491 1109 1152 0
2491 1110 1137 0
2491 1111 1153 0
2491 1112 1154 0
2491 1113 1138 0
2491 1114 1155 0
2491 1121 1143 0
2491 1122 1158 0
2491 1123 1144 0
2491 1124 1165 0
2491 1125 1166 0
2491 1126 1145 0
2491 1133 1150 0
2491 1134 1169 0
2491 1135 1151 0
2491 1136 1152 0
2491 1137 1153 0
2491 1138 1154 0
2491 1139 1156 0
2491 1140 1178 0
2491 1141 1157 0
2491 1142 1179 0
2491 1143 1158 0
2491 1144 1165 0
2491 1145 1166 0
2491 1146 1167 0
2491 1147 1182 0
2491 1148 1168 0
2491 1149 1183 0
2491 1150 1169 0
2491 1151 1176 0
2491 1156 1178 0
2491 1157 1179 0
2491 1159 1180 0
2491 1167 1182 0
2491 1168 1183 0
2491 1170 1184 0
2491 1180 1204 0
2491 1181 1193 0
2491 1184 1208 0
2491 1185 1198 0
2491 1189 1205 0
2491 1193 1204 0
2491 1198 1208 0
2491 1209 1212 0
2491 1211 1214 0
2491 1218 1220 0
2491 1219 1220 0
2491 1223 1224 0
2491 1226 1227 0
2491 1229 1230 0
1.406874 1 0
0.378241 -2 0
0.936446 3 0
2.096465 -4 0
7.857300 5 0
2.102481 -6 0
4.347724 7 0
1.763297 -8 0
0.495607 9 0
0.562102 -10 0
1.488256 -11 0
0.074303 -12 0
1.234878 -13 0
3.076799 -14 0
0.105726 15 0
2.940287 16 0
2.277930 -17 0
4.075461 -18 0
0.351415 19 0
0.082982 -20 0
1.287152 21 0
5.632470 22 0
2.831669 23 0
2.221376 24 0
3.247043 -25 0
0.679822 -26 0
0.013920 -27 0
0.260410 28 0
2.167347 -29 0
3.776049 -30 0
1.060804 31 0
3.226329 -32 0
0.937280 -33 0
1.632772 34 0
4.701267 35 0
2.900941 -36 0
1.682502 -37 0
2.770237 -38 0
0.325974 39 0
1.470352 40 0
0.411300 41 0
3.029092 42 0
2.369733 43 0
2.195897 -44 0
1.223395 45 0
1.449723 46 0
2.319312 -47 0
2.609420 -48 0
4.786258 49 0
2.035822 -50 0
0.347793 -51 0
0.323531 52 0
0.899793 -53 0
2.222572 -54 0
1.193313 -55 0
0.200699 56 0
3.250343 -57 0
0.988711 58 0
0.982126 59 0
4.487122 60 0
2.430997 -61 0
1.288141 62 0
5.529421 63 0
2.738150 -64 0
1.452501 -65 0
0.982451 66 0
0.833410 67 0
1.578735 68 0
2.712341 -69 0
1.811972 70 0
2.632226 -71 0
2.514146 -72 0
0.469672 73 0
2.452701 -74 0
1.095369 75 0
0.939870 76 0
0.504026 77 0
0.258506 78 0
3.016443 79 0
2.536296 -80 0
0.316194 -81 0
0.319041 -82 0
2.323897 83 0
0.674271 84 0
1.805187 -85 0
0.816099 86 0
1.080282 -87 0
2.391087 -88 0
2.382836 -89 0
0.851734 -90 0
2.237490 -91 0
1.179183 -92 0
1.359122 93 0
0.848606 -94 0
3.309985 95 0
3.719252 -96 0
1.104238 -97 0
1.275229 -98 0
2.960087 99 0
4.211385 100 0
1.607444 -101 0
0.754767 102 0
2.863279 103 0
0.352052 104 0
1.126897 -105 0
0.166021 106 0
0.953056 -107 0
1.989246 108 0
2.206395 109 0
1.912586 -110 0
2.457416 -111 0
0.060927 112 0
5.432524 113 0
0.998567 114 0
5.562989 115 0
3.490132 116 0
0.214011 -117 0
1.548354 -118 0
3.360693 119 0
0.180676 -120 0
4.669541 121 0
0.532902 122 0
3.261666 123 0
0.650574 124 0
0.841133 -125 0
0.222706 -126 0
0.949761 127 0
3.938986 128 0
3.215980 -129 0
1.114299 130 0
3.479209 -131 0
3.038291 -132 0
0.837739 -133 0
4.286404 -134 0
3.599512 135 0
0.987931 136 0
2.283201 -137 0
6.552880 138 0
2.393822 -139 0
1.193059 -140 0
8.597070 141 0
1.665493 142 0
2.553019 -143 0
1.455758 144 0
2.146869 -145 0
0.503647 146 0
1.099523 -147 0
1.504583 -148 0
2.276920 -149 0
2.153232 -150 0
2.869908 -151 0
5.632919 152 0
1.749706 -153 0
1.681972 -154 0
0.448787 155 0
2.404705 156 0
3.620795 157 0
1.617648 158 0
0.737395 159 0
3.088880 160 0
0.170442 -161 0
0.042407 162 0
3.610772 163 0
3.432293 -164 0
0.118883 165 0
0.602733 -166 0
1.271941 167 0
0.973171 -168 0
0.803509 -169 0
4.271872 -170 0
1.127719 171 0
2.832782 172 0
0.244105 173 0
1.077755 -174 0
2.168695 -175 0
0.469174 -176 0
1.458605 -177 0
0.848231 178 0
1.178898 -179 0
2.793069 180 0
0.148798 -181 0
5.082452 182 0
0.434753 183 0
2.416872 -184 0
2.658083 -185 0
1.626239 186 0
2.040692 -187 0
3.494197 188 0
3.749847 -189 0
0.099337 190 0
1.306308 191 0
1.692564 -192 0
0.105889 193 0
1.075982 194 0
2.831111 -195 0
0.646899 -196 0
1.409911 -197 0
0.902929 198 0
1.671127 199 0
0.669393 200 0
0.712096 201 0
2.081150 202 0
1.539869 -203 0
1.211612 204 0
0.709651 -205 0
0.323941 -206 0
1.636546 -207 0
0.363557 208 0
1.781678 -209 0
1.354357 -210 0
2.475428 -211 0
5.346729 212 0
1.078072 -213 0
3.401393 -214 0
1.140244 215 0
1.645390 216 0
4.759677 217 0
0.426421 -218 0
1.305477 219 0
0.893560 -220 0
0.097257 221 0
0.356323 -222 0
7.081622 223 0
0.080139 224 0
0.984886 -225 0
0.636696 226 0
0.903561 227 0
0.740366 -228 0
2.169270 229 0
1.951077 -230 0
1.180007 -231 0
0.714478 232 0
0.838667 -233 0
1.556494 -234 0
0.912610 235 0
0.159405 -236 0
0.256116 237 0
4.291705 -238 0
2.308229 -239 0
1.391902 -240 0
0.959001 241 0
0.652991 242 0
0.065035 -243 0
3.296476 -244 0
4.877323 245 0
0.062635 -246 0
2.701683 247 0
7.706256 248 0
2.458257 249 0
2.840684 250 0
5.583127 251 0
2.467588 -252 0
0.714386 253 0
4.661497 254 0
3.095159 -255 0
0.640096 -256 0
3.423368 -257 0
2.205695 -258 0
1.476818 259 0
1.022599 -260 0
2.076727 -261 0
3.043203 -262 0
3.158410 -263 0
0.115160 -264 0
0.740963 -265 0
3.241483 266 0
0.821404 -267 0
0.060605 268 0
0.961615 -269 0
2.692967 -270 0
1.643024 -271 0
0.243825 272 0
2.292501 273 0
0.932058 -274 0
2.526682 275 0
1.378036 276 0
1.167416 -277 0
1.303834 -278 0
3.332380 279 0
0.643669 -280 0
5.110496 281 0
0.708800 -282 0
1.829046 283 0
0.447872 -284 0
1.889979 -285 0
1.853482 -286 0
1.136165 287 0
3.406450 -288 0
4.375552 -289 0
1.430267 290 0
4.038989 -291 0
7.377949 292 0
4.227761 293 0
1.599732 -294 0
3.178768 -295 0
2.686213 -296 0
3.327852 -297 0
0.611078 -298 0
3.654273 -299 0
2.107850 300 0
0.931340 -301 0
1.236607 -302 0
1.384726 -303 0
13.133936 304 0
4.107345 -305 0
3.217769 -306 0
2.593507 307 0
2.132287 -308 0
2.546653 -309 0
1.768622 -310 0
1.666538 311 0
1.543662 312 0
4.058420 313 0
2.628639 314 0
0.957894 -315 0
1.831268 -316 0
0.186655 -317 0
0.772009 318 0
1.931002 319 0
1.198376 -320 0
0.237623 321 0
12.202235 322 0
1.902557 323 0
0.257363 -324 0
2.816315 -325 0
2.994550 -326 0
3.243138 -327 0
1.445269 -328 0
0.240046 329 0
0.442322 -330 0
1.569878 -331 0
0.947184 332 0
3.442655 333 0
1.001240 -334 0
0.654616 -335 0
0.260927 -336 0
2.965752 -337 0
0.644150 338 0
2.606672 -339 0
0.868581 -340 0
0.944755 -341 0
0.251928 -342 0
3.977926 343 0
0.894491 -344 0
2.037805 -345 0
1.146503 346 0
2.797781 -347 0
3.172812 348 0
2.142348 -349 0
3.134500 350 0
1.482336 -351 0
0.479125 -352 0
1.419131 353 0
0.381070 354 0
6.395908 355 0
4.765094 356 0
2.989791 -357 0
3.840776 -358 0
0.485583 -359 0
3.254911 360 0
0.962106 361 0
2.989288 362 0
2.330479 -363 0
2.072475 364 0
0.347336 365 0
0.182552 366 0
0.701740 367 0
2.336787 -368 0
0.049216 -369 0
2.481773 370 0
1.307262 -371 0
0.209060 372 0
0.052419 -373 0
1.144341 -374 0
4.086247 -375 0
0.985255 376 0
6.268807 377 0
0.810118 -378 0
2.135680 -379 0
0.242800 -380 0
1.731907 -381 0
0.492737 -382 0
0.793848 383 0
3.049039 -384 0
0.701936 -385 0
4.582042 -386 0
2.878483 387 0
1.899282 -388 0
0.283268 -389 0
0.520827 -390 0
2.416190 391 0
0.725681 -392 0
1.584527 -393 0
1.726225 -394 0
1.391522 395 0
1.079136 396 0
0.947821 397 0
2.656967 398 0
2.394832 -399 0
2.608700 -400 0
4.418985 401 0
3.438559 402 0
0.073244 -403 0
1.673443 -404 0
2.515209 -405 0
0.018254 406 0
3.635334 407 0
3.292123 408 0
0.932578 409 0
3.987406 -410 0
1.925764 -411 0
2.523627 -412 0
0.548153 413 0
2.992849 -414 0
1.226065 -415 0
5.987584 416 0
0.420965 417 0
6.472296 418 0
2.987462 -419 0
2.629764 -420 0
0.333040 -421 0
1.511747 422 0
0.565034 -423 0
2.834749 -424 0
0.227735 425 0
0.528488 -426 0
3.652653 427 0
2.331683 428 0
0.863941 429 0
3.482377 -430 0
5.794916 431 0
2.349827 -432 0
4.386362 433 0
0.783160 434 0
1.787015 435 0
0.454032 -436 0
1.428680 437 0
1.613388 438 0
0.664330 -439 0
2.233994 -440 0
1.140112 -441 0
1.511759 -442 0
0.985637 -443 0
2.769465 -444 0
0.827213 445 0
0.344827 -446 0
0.083415 447 0
1.627847 -448 0
0.943528 449 0
3.418738 450 0
1.588713 -451 0
3.605983 -452 0
2.469440 -453 0
1.737449 -454 0
2.114884 -455 0
0.775173 -456 0
0.597110 457 0
1.583742 -458 0
0.917911 -459 0
6.192597 460 0
0.892413 -461 0
0.584741 -462 0
0.207884 -463 0
0.087894 -464 0
0.026558 -465 0
2.323316 466 0
2.517802 -467 0
1.997027 -468 0
0.112512 469 0
1.026069 -470 0
0.405516 471 0
2.224897 -472 0
1.630833 473 0
3.313393 474 0
1.089250 475 0
1.617918 476 0
0.626445 -477 0
1.639832 -478 0
0.706612 -479 0
2.422418 -480 0
1.337866 -481 0
1.137455 -482 0
2.194036 -483 0
4.918259 484 0
2.868489 485 0
1.078421 486 0
0.083922 487 0
1.600426 -488 0
0.816821 -489 0
1.215674 -490 0
1.579003 -491 0
1.804858 492 0
0.002590 493 0
1.511336 -494 0
0.373213 -495 0
1.873214 -496 0
1.304229 497 0
0.476756 498 0
2.226561 -499 0
1.857429 -500 0
0.391905 501 0
0.866909 502 0
2.887291 -503 0
2.891780 504 0
3.654898 -505 0
0.941132 506 0
1.078945 -507 0
7.278389 508 0
3.120469 509 0
2.605300 510 0
0.962098 -511 0
0.821087 -512 0
0.077071 513 0
3.060427 514 0
0.470204 515 0
2.259916 516 0
4.646074 517 0
1.619488 518 0
1.400533 519 0
1.430220 -520 0
1.961357 521 0
0.355254 522 0
0.203517 -523 0
3.355481 -524 0
3.672073 -525 0
2.021554 -526 0
1.753743 527 0
1.291328 -528 0
1.007634 -529 0
0.038014 -530 0
3.810524 -531 0
2.571246 -532 0
2.061269 533 0
2.553275 -534 0
3.182949 535 0
2.489435 -536 0
2.584388 537 0
1.375196 -538 0
0.714966 -539 0
3.662467 -540 0
1.085988 541 0
1.127558 542 0
0.700846 543 0
0.169429 -544 0
0.381376 -545 0
1.207990 546 0
1.678172 -547 0
0.604143 548 0
1.606232 -549 0
4.323192 550 0
3.158917 551 0
0.729887 552 0
2.134745 -553 0
1.444498 554 0
0.142422 555 0
1.217618 -556 0
2.755838 -557 0
2.657106 -558 0
2.224213 -559 0
3.420141 -560 0
4.354499 561 0
0.892416 -562 0
0.716433 563 0
0.999552 564 0
3.415066 565 0
0.429633 -566 0
3.204338 -567 0
7.173747 568 0
1.515473 569 0
2.227598 -570 0
3.118808 -571 0
1.752234 -572 0
3.441414 573 0
3.672287 574 0
1.186244 575 0
1.119370 -576 0
3.574728 -577 0
0.235002 -578 0
1.976227 579 0
3.692050 -580 0
1.136405 -581 0
3.553282 582 0
2.323005 -583 0
2.924659 584 0
0.417640 -585 0
0.256964 586 0
4.705438 587 0
1.721070 -588 0
2.149332 589 0
4.846347 590 0
0.234704 -591 0
2.469560 592 0
0.697324 -593 0
0.507746 594 0
4.189266 595 0
3.032173 -596 0
2.514118 597 0
2.718617 598 0
2.639110 -599 0
3.525189 -600 0
7.026892 601 0
1.864475 602 0
1.041277 -603 0
0.568403 -604 0
1.620316 -605 0
1.308667 -606 0
1.321773 607 0
0.685575 -608 0
3.444395 -609 0
2.009117 610 0
0.319223 611 0
0.398140 612 0
0.030486 613 0
0.688265 -614 0
3.040993 -615 0
0.827376 616 0
1.333394 -617 0
2.161487 618 0
3.880427 619 0
0.014359 620 0
0.999127 621 0
3.227534 -622 0
1.738184 -623 0
0.508251 -624 0
2.667465 -625 0
1.581198 -626 0
0.842561 -627 0
4.220914 -628 0
0.237670 -629 0
0.083807 630 0
2.011548 631 0
0.294745 632 0
0.003470 633 0
1.152061 -634 0
0.652237 635 0
5.238395 636 0
1.904388 -637 0
0.083771 -638 0
0.616468 -639 0
3.170046 640 0
1.009307 -641 0
1.724518 642 0
0.064389 643 0
1.771076 -644 0
2.741820 -645 0
0.281469 646 0
1.848716 647 0
0.465274 648 0
3.455728 -649 0
1.222891 -650 0
1.358420 -651 0
0.773184 652 0
1.528724 653 0
0.201194 -654 0
2.930861 655 0
0.492625 -656 0
4.721576 657 0
2.052791 -658 0
0.896119 659 0
0.523335 660 0
3.733586 661 0
3.340798 662 0
0.508981 -663 0
2.015804 -664 0
1.981242 -665 0
1.237044 -666 0
2.429137 -667 0
2.831588 -668 0
0.566270 -669 0
2.733395 -670 0
0.102000 671 0
1.392726 -672 0
0.364260 -673 0
2.040837 674 0
0.128474 675 0
2.362947 676 0
0.406825 -677 0
0.871755 678 0
1.405697 679 0
3.887598 -680 0
1.928332 -681 0
0.206982 682 0
1.748241 683 0
2.145707 -684 0
1.954976 685 0
2.025035 -686 0
1.304784 -687 0
2.190563 -688 0
5.140247 689 0
1.833865 690 0
0.062066 691 0
0.416424 -692 0
3.149986 693 0
0.918165 694 0
2.990309 -695 0
0.532078 696 0
0.926422 -697 0
4.001391 698 0
1.629201 -699 0
0.687375 700 0
0.354535 701 0
1.198270 -702 0
1.752220 -703 0
0.225983 704 0
2.481540 705 0
0.055303 706 0
2.427034 -707 0
0.276331 -708 0
1.584891 -709 0
1.616388 710 0
3.017250 -711 0
3.296182 -712 0
4.847635 713 0
4.683303 714 0
2.675872 -715 0
4.415086 -716 0
1.068508 -717 0
0.517361 -718 0
3.938731 -719 0
2.433502 -720 0
3.034664 721 0
0.171838 -722 0
1.122236 -723 0
0.436083 724 0
2.502863 -725 0
4.806995 726 0
5.061368 727 0
2.023159 -728 0
1.095373 729 0
0.805279 730 0
0.466131 731 0
1.947502 -732 0
0.198392 -733 0
2.482424 -734 0
1.810492 735 0
0.006312 -736 0
2.161263 737 0
0.421329 738 0
2.868151 -739 0
3.445478 -740 0
1.122121 -741 0
1.364263 -742 0
0.891663 743 0
1.246588 -744 0
1.273718 -745 0
3.437242 -746 0
0.073226 747 0
2.109263 -748 0
1.159034 749 0
3.901905 -750 0
2.768358 751 0
1.085210 -752 0
2.714701 -753 0
3.397111 754 0
1.836807 755 0
2.575785 756 0
1.448384 -757 0
1.530267 758 0
1.221513 -759 0
1.646737 760 0
0.051246 761 0
7.358889 762 0
2.056264 -763 0
0.402485 -764 0
2.164372 -765 0
0.627718 -766 0
0.592091 -767 0
1.206831 -768 0
6.492882 769 0
0.916451 770 0
0.361406 771 0
0.680798 -772 0
1.216841 -773 0
4.411630 774 0
2.482433 -775 0
0.473348 -776 0
0.063873 -777 0
0.485657 778 0
3.174082 -779 0
0.591968 780 0
1.937874 -781 0
3.797666 -782 0
1.327722 -783 0
0.601310 784 0
5.310574 785 0
0.944177 -786 0
1.860206 -787 0
2.523091 788 0
0.344165 -789 0
0.549092 -790 0
0.148761 791 0
6.711787 792 0
1.652487 793 0
2.757885 -794 0
1.327122 -795 0
1.839512 796 0
2.612883 -797 0
2.228639 -798 0
6.465335 799 0
1.210592 -800 0
3.858956 801 0
1.685648 -802 0
0.250816 -803 0
1.622128 804 0
0.946721 805 0
5.828145 806 0
0.943478 -807 0
0.612681 -808 0
2.803094 809 0
3.154475 -810 0
1.442260 -811 0
0.129345 -812 0
2.675218 -813 0
0.837723 814 0
6.269272 815 0
1.820915 816 0
3.172618 817 0
0.744702 818 0
0.177821 819 0
1.330135 820 0
3.437346 -821 0
3.465473 -822 0
2.268666 -823 0
1.054000 -824 0
2.413231 825 0
0.742391 826 0
1.541610 -827 0
1.166834 828 0
2.069871 -829 0
0.232491 830 0
3.026904 831 0
2.604294 -832 0
2.763363 -833 0
1.940901 834 0
0.404428 835 0
0.529500 -836 0
2.411899 837 0
0.362942 -838 0
1.735660 839 0
0.080094 -840 0
1.004788 -841 0
3.700778 842 0
3.381803 -843 0
3.895237 844 0
3.065380 -845 0
7.090014 846 0
1.856924 -847 0
0.657490 848 0
1.455759 849 0
2.347138 -850 0
3.442689 851 0
1.728357 -852 0
1.158815 -853 0
1.367292 -854 0
2.936191 -855 0
0.013384 -856 0
2.864249 -857 0
0.256550 -858 0
5.855752 859 0
1.396056 -860 0
0.216284 -861 0
1.431569 -862 0
2.508215 863 0
0.426894 -864 0
7.306686 865 0
1.489044 -866 0
1.613082 867 0
3.077293 868 0
2.457572 -869 0
1.962299 -870 0
0.477764 871 0
1.483715 -872 0
1.594362 873 0
0.965476 874 0
0.769303 -875 0
1.037434 -876 0
4.154921 -877 0
1.160792 878 0
0.186680 -879 0
0.317915 880 0
2.185379 -881 0
1.393568 882 0
2.616653 883 0
3.075275 884 0
2.033455 -885 0
0.957487 -886 0
3.414519 887 0
3.393104 -888 0
2.105922 -889 0
2.095666 -890 0
2.452297 -891 0
3.507454 -892 0
0.433846 -893 0
3.199087 894 0
2.266760 -895 0
0.688370 896 0
0.164340 -897 0
3.460025 -898 0
3.548165 899 0
1.478105 -900 0
1.291863 901 0
3.637039 -902 0
2.888683 -903 0
2.611425 904 0
0.062382 -905 0
0.656291 -906 0
0.484590 -907 0
0.481724 908 0
0.178319 909 0
1.768895 -910 0
1.032254 -911 0
0.390953 -912 0
1.230196 -913 0
2.935328 -914 0
2.004306 915 0
0.125419 -916 0
1.204646 -917 0
2.718062 -918 0
2.522419 -919 0
0.534683 -920 0
3.219008 921 0
0.850601 -922 0
3.673979 923 0
1.911451 924 0
1.568334 -925 0
1.988400 926 0
0.622342 927 0
2.951294 -928 0
0.975852 -929 0
4.134267 930 0
1.268932 -931 0
3.882087 -932 0
1.004363 -933 0
0.100858 -934 0
2.008023 935 0
1.299913 936 0
0.251736 -937 0
3.163512 938 0
0.100506 -939 0
1.608340 -940 0
1.214393 -941 0
0.539622 -942 0
1.569635 -943 0
1.659385 -944 0
4.940910 945 0
6.051815 946 0
0.529970 947 0
2.065534 -948 0
1.036307 -949 0
1.700438 950 0
1.460415 -951 0
0.847088 -952 0
4.653363 953 0
1.022803 954 0
1.956904 -955 0
2.887994 -956 0
1.905960 -957 0
5.240517 958 0
1.148607 959 0
1.674878 -960 0
2.367217 961 0
3.462214 962 0
0.363683 963 0
3.082647 -964 0
0.659169 -965 0
0.206021 966 0
0.976106 -967 0
0.410802 968 0
1.895324 969 0
0.444623 -970 0
2.435786 -971 0
1.701368 -972 0
0.197484 -973 0
1.884485 -974 0
1.863756 -975 0
0.018651 -976 0
1.215871 977 0
1.623744 -978 0
0.686492 -979 0
0.689629 980 0
4.872313 981 0
3.420028 982 0
4.503701 983 0
4.791560 -984 0
1.681568 -985 0
1.234741 -986 0
2.120757 -987 0
3.913587 988 0
1.853830 -989 0
3.540687 -990 0
1.878711 991 0
2.480173 -992 0
2.187966 -993 0
1.898509 -994 0
1.917256 995 0
0.584354 -996 0
0.838858 -997 0
0.511199 -998 0
2.478548 999 0
4.824236 1000 0
2.418346 -1001 0
1.406643 -1002 0
3.631687 -1003 0
1.999081 -1004 0
1.830481 1005 0
1.149376 1006 0
0.665725 -1007 0
1.193164 1008 0
1.950318 -1009 0
5.123289 1010 0
0.469420 1011 0
1.798383 -1012 0
3.776774 1013 0
3.851659 -1014 0
3.941992 1015 0
1.160458 -1016 0
4.927156 1017 0
1.298701 -1018 0
0.047570 1019 0
1.123240 1020 0
1.176814 1021 0
0.612513 -1022 0
0.152809 1023 0
1.157723 -1024 0
1.119930 1025 0
4.039767 1026 0
4.306060 1027 0
2.430656 1028 0
3.399298 -1029 0
0.425576 1030 0
2.079244 -1031 0
0.712348 1032 0
2.808172 -1033 0
2.835985 1034 0
0.821271 1035 0
2.146760 1036 0
1.802398 1037 0
1.178837 -1038 0
1.261030 -1039 0
2.751164 -1040 0
0.516428 -1041 0
2.929651 1042 0
0.921336 -1043 0
3.367086 -1044 0
0.842655 1045 0
2.337625 -1046 0
1.132132 -1047 0
2.304668 1048 0
3.186163 -1049 0
0.669158 -1050 0
3.654996 1051 0
1.184481 1052 0
0.812763 1053 0
4.106805 1054 0
2.429143 -1055 0
0.085297 1056 0
1.712806 -1057 0
1.573357 -1058 0
0.560049 -1059 0
2.090941 1060 0
2.593189 -1061 0
6.133885 1062 0
1.223306 -1063 0
0.589256 -1064 0
1.490962 1065 0
2.049257 1066 0
3.514896 -1067 0
3.033256 -1068 0
0.224571 1069 0
3.447581 -1070 0
1.899407 -1071 0
2.201628 -1072 0
1.765081 1073 0
0.421275 1074 0
0.279278 1075 0
2.285633 -1076 0
2.395492 1077 0
1.952635 1078 0
1.126460 -1079 0
0.705730 -1080 0
0.709025 -1081 0
1.128810 -1082 0
1.288781 -1083 0
3.895366 -1084 0
0.897023 1085 0
1.767378 -1086 0
2.196116 1087 0
2.489480 1088 0
0.347977 -1089 0
0.259581 1090 0
0.573439 1091 0
1.652527 1092 0
1.027364 -1093 0
3.331739 1094 0
3.521428 1095 0
0.058192 1096 0
2.518933 1097 0
1.667823 -1098 0
0.644136 1099 0
1.301575 -1100 0
3.630048 -1101 0
2.475490 1102 0
1.038625 -1103 0
2.886197 1104 0
0.719312 1105 0
2.140067 -1106 0
1.327612 1107 0
2.169683 -1108 0
0.930270 -1109 0
0.342556 1110 0
3.540476 1111 0
3.644954 1112 0
2.553031 -1113 0
1.131275 1114 0
2.377617 -1115 0
6.494319 1116 0
3.108549 -1117 0
0.408655 -1118 0
1.555643 1119 0
3.861476 1120 0
0.927764 -1121 0
5.749780 1122 0
3.548601 1123 0
4.834160 1124 0
3.243888 -1125 0
1.970648 -1126 0
0.954332 1127 0
3.008722 1128 0
0.643982 1129 0
0.175610 -1130 0
1.879778 -1131 0
2.980993 -1132 0
0.580030 1133 0
2.758466 1134 0
1.190218 -1135 0
1.227276 -1136 0
1.218619 -1137 0
3.047236 1138 0
1.033194 1139 0
0.796306 1140 0
1.708044 -1141 0
0.394780 -1142 0
3.376405 1143 0
2.980334 -1144 0
2.479849 -1145 0
1.202230 1146 0
0.017583 -1147 0
0.087052 -1148 0
0.057275 -1149 0
0.529279 -1150 0
0.240150 1151 0
0.277751 -1152 0
2.412645 -1153 0
1.388799 1154 0
1.539899 -1155 0
1.555511 1156 0
1.717714 -1157 0
3.910042 -1158 0
14.645563 1159 0
1.050755 -1160 0
0.895636 1161 0
0.971139 -1162 0
2.453598 -1163 0
0.268556 1164 0
3.042627 -1165 0
2.508922 -1166 0
0.404982 1167 0
2.071838 -1168 0
2.104832 -1169 0
1.540925 1170 0
0.517056 -1171 0
2.237436 1172 0
2.925152 -1173 0
1.717440 -1174 0
2.194892 -1175 0
7.364842 1176 0
2.339875 -1177 0
0.244582 -1178 0
0.801437 1179 0
2.086715 1180 0
2.624692 1181 0
3.526059 -1182 0
0.230127 1183 0
0.200145 1184 0
0.023430 1185 0
1.534971 1186 0
3.460138 1187 0
1.350908 1188 0
0.879919 -1189 0
0.873540 1190 0
7.279489 1191 0
1.736194 -1192 0
0.385312 -1193 0
1.671991 1194 0
1.433065 -1195 0
0.454559 -1196 0
0.321828 -1197 0
5.149253 1198 0
0.202110 -1199 0
3.170200 1200 0
2.833557 -1201 0
2.290532 -1202 0
1.558548 -1203 0
1.520347 -1204 0
7.924692 1205 0
2.096922 1206 0
1.723173 -1207 0
0.748731 -1208 0
3.654468 1209 0
1.342693 -1210 0
0.556846 1211 0
0.526948 -1212 0
0.267981 1213 0
2.725549 1214 0
0.659953 -1215 0
2.618242 -1216 0
0.482375 1217 0
1.106197 -1218 0
2.218804 -1219 0
1.201271 1220 0
1.840068 -1221 0
3.955426 1222 0
1.111832 -1223 0
1.962446 -1224 0
3.404185 -1225 0
5.690633 1226 0
1.169336 -1227 0
1.675265 1228 0
2.511434 -1229 0
1.335765 1230 0
